hs21	42938	66040	-2
hs21	42938	86719	-2
hs21	42938	86719	-2
hs21	68514	68599	-2
hs21	97129	126696	-2
hs21	104732	104823	-2
hs21	104742	104817	-2
hs21	148704	148795	-2
hs21	148704	148795	-2
hs1	3689313	3692520	-2
hs1	3695123	3713062	-2
hs1	3728651	3773775	-2
hs1	3774040	3801993	-2
hs1	3805697	3816836	-2
hs1	3816968	3832011	-2
hs1	4000672	4012643	-2
hs1	4472111	4484744	-2
hs1	4714669	4852582	-2
hs17	4901245	4931696	-2
hs17	4935897	4938727	-2
hs17	4981762	4999669	-2
hs17	5009029	5026337	-2
hs17	5032104	5078286	-2
hs17	5082830	5095163	-2
hs17	5095302	5139298	-2
hs17	5112216	5138155	-2
hs17	5185579	5239985	-2
hs17	5288153	5323059	-2
hs17	5322961	5336340	-2
hs17	5336097	5342475	-2
hs17	5344237	5372302	-2
hs17	5374575	5389498	-2
hs17	5389694	5394130	-2
hs17	5402747	5404326	-2
hs17	5404716	5487829	-2
hs17	5675554	5834016	-2
hs17	5973934	6027747	-2
hs17	6327058	6338441	-2
hs17	6354583	6459875	-2
hs17	6481467	6544031	-2
hs17	6544380	6547861	-2
hs17	6546631	6554925	-2
hs17	6555082	6556795	-2
hs17	6558759	6558828	-2
hs17	6558768	6558821	-2
hs17	6561038	6564701	-2
hs17	6588039	6616688	-2
hs17	6659365	6678964	-2
hs17	6679534	6690965	-2
hs17	6701313	6735048	-2
hs17	6797096	6803668	-2
hs17	6888442	6915653	-2
hs17	6899368	6914073	-2
hs17	6915736	6920843	-2
hs17	6915943	6917851	-2
hs17	6918101	6920839	-2
hs17	6919137	6922973	-2
hs17	6920934	6921020	-2
hs17	6921230	6921341	-2
hs17	6926369	6932963	-2
hs17	6939334	6943436	-2
hs17	6944941	6947411	-2
hs17	6977856	6983570	-2
hs17	7004641	7018130	-2
hs17	9153788	9479275	-2
hs17	9479959	9546764	-2
hs17	9548834	9633003	-2
hs17	9674755	9694909	-2
hs17	9705703	9725388	-2
hs17	9729241	9795416	-2
hs17	9799637	9808588	-2
hs17	9813924	9862812	-2
hs21	9825832	9826011	-2
hs21	9907189	9968594	-2
hs17	10204182	10276323	-2
hs17	10286449	10528857	-2
hs17	10293640	10325267	-2
hs17	10346608	10372876	-2
hs17	10395626	10421859	-2
hs17	10424465	10452940	-2
hs17	10531849	10560626	-2
hs17	10575791	10600850	-2
hs17	10600911	10614875	-2
hs17	10616612	10633646	-2
hs17	10619260	10619899	-2
hs17	10633094	10670369	-2
hs17	10725787	10741404	-2
hs21	10906743	10990874	-2
hs21	10994183	11098960	-2
hs21	11020842	11098925	-2
hs21	11020842	11098925	-2
hs21	11057796	11098937	-2
hs17	11144530	11467380	-2
hs17	11786219	11873065	-2
hs17	11880756	11900827	-2
hs17	11924194	12047143	-2
hs17	11985216	11985313	-2
hs17	12453285	12540504	-2
hs17	12569207	12672265	-2
hs17	12663451	12693601	-2
hs17	12692815	12894960	-2
hs17	12820585	12820659	-2
hs17	12894929	12921381	-2
hs19	13317256	13617293	-2
hs17	13397349	13505246	-2
hs17	13446846	13446963	-2
hs19	13842566	13874103	-2
hs17	13927815	13928915	-2
hs17	13932609	13972775	-2
hs17	13972821	14111994	-2
hs17	14138990	14140179	-2
hs17	14204398	14252721	-2
hs17	14207057	14209062	-2
hs21	14410487	14490571	-2
hs19	14640372	14676792	-2
hs19	14676890	14682878	-2
hs19	14693896	14721956	-2
hs19	14729929	14785656	-2
hs19	14733025	14733163	-2
hs21	14778705	14778781	-2
hs19	14800860	14844554	-2
hs19	14843509	14887739	-2
hs19	14909986	14910948	-2
hs17	14918122	14955592	-2
hs17	14934292	14935274	-2
hs19	14937055	14945997	-2
hs19	14951760	14952689	-2
hs21	14982098	15018144	-2
hs19	14991238	14992167	-2
hs17	15008302	15009504	-2
hs19	15052301	15053260	-2
hs19	15060845	15121455	-2
hs19	15121538	15134088	-2
hs19	15160291	15169103	-2
hs21	15215454	15220685	-2
hs21	15316100	15352765	-2
hs17	21308448	21320482	-2
hs9	21967751	21995323	-2
hs18	29409162	29523091	-2
hs18	29598788	29653182	-2
hs18	29672569	29711524	-2
hs18	29770002	29800366	-2
hs21	35747779	35761452	-2
hs21	35747806	35761444	-2
hs21	35818988	35831942	-2
hs15	38746328	38779911	-2
hs15	38780304	38857015	-2
hs15	41245669	41248710	-2
hs15	41271079	41408478	-2
hs15	41474931	41522955	-2
hs15	41523466	41574083	-2
hs15	41577540	41598731	-2
hs15	41601466	41624819	-2
hs15	41625079	41673244	-2
hs15	41679551	41694694	-2
hs15	41709302	41775761	-2
hs15	41786072	41795749	-2
hs15	41795835	41806025	-2
hs15	41809375	41836455	-2
hs15	41852170	41871536	-2
hs15	41952610	42062141	-2
hs15	41983783	41983876	-2
hs21	44473301	44496487	-2
hs21	44513066	44527680	-2
hs21	44513066	44527680	-2
hs21	44560633	44561202	-2
hs21	44590346	44592920	-2
hs18	44633781	44676871	-2
hs18	44679206	44702735	-2
hs18	44732540	44778031	-2
hs21	44834363	44847011	-2
hs21	44866481	44873782	-2
hs21	44881974	44898103	-2
hs18	44906867	44906936	-2
hs18	54318590	54697023	-2
hs18	54721790	54739350	-2
hs18	54814318	54817641	-2
hs18	55019788	55036161	-2
hs4	113558299	113578742	-2
hs4	113569030	113569097	-2
hs4	113569160	113569227	-2
hs4	113569339	113569407	-2
hs4	113569519	113569586	-2
hs4	113569641	113569713	-2
hs4	113782143	114304896	-2
hs4	165798330	165818679	-2
hs4	165875598	165898809	-2
hs4	165878100	165880283	-2
hs4	165953151	165962901	-2
hs4	165991760	166034012	-2
hs21	190598969	190601527	-2
hs21	35772410	35773370	-2
hs21	35773570	35773570	-2
hs21	35774570	35774570	-2
hs21	35775570	35775570	-2
hs21	35776570	35776570	-2
hs21	35777570	35777570	-2
hs21	35778570	35778570	-2
hs21	35779570	35779570	-2
hs21	112024	112180	-2
hs21	14918354	14930781	-2
hs1	5400000	5400000	-2
hs17	6347775	6354789	-2
hs17	10698230	10707416	-2
hs17	12575179	12609452	-2
hs17	21431571	21454941	-2
hs21	44881840	44899414	-2
hs21	44834363	44847011	-2
hs21	44590346	44592915	-2
hs17	4922510	4923388	-2
hs17	5015230	5017677	-2
hs17	5372412	5373680	-2
hs4	165675283	165724947	-2
hs15	38988799	38992239	-2