hs1	11874	14409	2
hs1	14362	29370	2
hs1	69091	70008	2
hs5	92283	190081	2
hs1	134773	140566	2
hs7	144445	149438	2
hs7	149718	155461	2
hs7	174920	176013	2
hs5	191610	196449	2
hs7	192571	300738	2
hs5	196983	218268	2
hs5	218435	257197	2
hs5	269671	271639	2
hs5	271761	277055	2
hs16	284545	319942	2
hs16	318306	325944	2
hs5	322725	438397	2
hs16	330591	333010	2
hs16	333164	337215	2
hs16	337440	402723	2
hs19	361747	376026	2
hs1	367659	368597	2
hs11	369499	382117	2
hs11	392596	404908	2
hs19	405445	409147	2
hs11	405716	417397	2
hs19	416583	460996	2
hs16	416969	420538	2
hs11	417938	442011	2
hs7	419391	422845	2
hs16	432241	442960	2
hs5	441951	443275	2
hs5	443291	467404	2
hs16	447199	450754	2
hs11	450279	491399	2
hs16	451885	462482	2
hs19	463361	474983	2
hs5	470571	524564	2
hs5	470625	473080	2
hs11	494515	506768	2
hs19	496486	505343	2
hs19	507497	519654	2
hs16	524924	573011	2
hs19	531760	542087	2
hs11	532242	535576	2
hs5	535955	535997	2
hs7	536896	559481	2
hs11	537527	554912	2
hs19	544053	549922	2
hs11	554850	560738	2
hs7	560028	564869	2
hs11	560970	564025	2
hs1	562760	564389	2
hs11	565657	568457	2
hs11	568089	568198	2
hs19	572596	583493	2
hs11	573808	575885	2
hs11	576470	612222	2
hs16	576847	577407	2
hs16	577712	604636	2
hs16	585316	585368	2
hs7	588834	752844	2
hs19	589881	617159	2
hs16	593277	593366	2
hs5	602284	612325	2
hs16	610394	615529	2
hs5	612455	653666	2
hs11	612555	615950	2
hs11	616565	624955	2
hs16	617005	619495	2
hs19	617221	633537	2
hs16	619968	634138	2
hs11	626309	627181	2
hs11	637269	640705	2
hs16	639669	679273	2
hs19	639879	644373	2
hs11	644220	695754	2
hs4	646966	664571	2
hs19	647526	663214	2
hs5	659977	693467	2
hs1	661139	714014	2
hs4	668331	675817	2
hs19	676392	683385	2
hs16	680985	684117	2
hs16	684430	686305	2
hs19	685546	695452	2
hs16	691828	698474	2
hs11	695816	704129	2
hs16	698458	699313	2
hs16	699365	717830	2
hs4	699621	764768	2
hs11	706231	727727	2
hs19	708935	748329	2
hs16	718132	724171	2
hs16	726064	728268	2
hs16	730410	732801	2
hs16	731670	734334	2
hs16	734622	740398	2
hs16	742500	755801	2
hs11	747464	765012	2
hs19	751112	764318	2
hs1	752751	755214	2
hs1	761586	762902	2
hs1	762971	794826	2
hs16	765118	769655	2
hs16	772582	776443	2
hs4	773937	775636	2
hs16	777106	779715	2
hs11	777578	784284	2
hs4	778745	819917	2
hs11	787115	790090	2
hs11	790475	796238	2
hs5	795720	851101	2
hs19	797452	812312	2
hs11	799184	805231	2
hs1	803451	812182	2
hs19	804940	805001	2
hs11	809967	812876	2
hs16	811073	818865	2
hs11	811681	811814	2
hs19	812488	821952	2
hs19	813584	813653	2
hs11	818914	825571	2
hs16	820183	820277	2
hs19	827837	832018	2
hs11	828260	831991	2
hs11	832952	838835	2
hs16	834974	838381	2
hs16	838620	848074	2
hs11	839721	842529	2
hs19	840999	848175	2
hs11	842941	867116	2
hs4	843065	926104	2
hs16	848041	850734	2
hs1	852198	855072	2
hs19	852303	856243	2
hs16	855443	863861	2
hs7	856280	914571	2
hs19	859664	863641	2
hs1	861111	879954	2
hs5	863850	892637	2
hs11	867859	910810	2
hs19	867963	893187	2
hs1	879583	894636	2
hs5	892999	918235	2
hs1	895964	901099	2
hs19	896503	913219	2
hs1	901862	911245	2
hs16	903636	1031613	2
hs1	910578	917473	2
hs7	916191	936073	2
hs19	917333	921005	2
hs11	925870	1012240	2
hs19	926035	975937	2
hs4	926175	952443	2
hs1	934344	935477	2
hs7	937537	995043	2
hs1	948877	949919	2
hs4	952675	967357	2
hs1	955500	991494	2
hs16	971033	984524	2
hs4	972861	987192	2
hs4	980832	998352	2
hs19	984345	994556	2
hs5	987292	997455	2
hs19	1000418	1009731	2
hs7	1004488	1015185	2
hs4	1005760	1020686	2
hs1	1006347	1009686	2
hs5	1008917	1039058	2
hs19	1009652	1021122	2
hs11	1012823	1036718	2
hs1	1017203	1051469	2
hs7	1022817	1029276	2
hs19	1026607	1039064	2
hs16	1031770	1036979	2
hs7	1036642	1068005	2
hs19	1040106	1065570	2
hs5	1050499	1112178	2
hs7	1062569	1062662	2
hs5	1063011	1063089	2
hs19	1071209	1087830	2
hs1	1072397	1079434	2
hs11	1074875	1104416	2
hs19	1086578	1095391	2
hs7	1095006	1098897	2
hs1	1102484	1102578	2
hs1	1103243	1103332	2
hs1	1104385	1104467	2
hs19	1104649	1106778	2
hs19	1107637	1132220	2
hs1	1109260	1133315	2
hs16	1114081	1128731	2
hs16	1128826	1131454	2
hs16	1138226	1146244	2
hs1	1138888	1141972	2
hs1	1146720	1149533	2
hs11	1151580	1222364	2
hs1	1152311	1167381	2
hs4	1160721	1202750	2
hs1	1167617	1170420	2
hs5	1173211	1178720	2
hs1	1177833	1182102	2
hs1	1189292	1209234	2
hs4	1189571	1202750	2
hs5	1201710	1225226	2
hs16	1203241	1271772	2
hs4	1203908	1212379	2
hs4	1205233	1242918	2
hs19	1205777	1228430	2
hs1	1215816	1227405	2
hs5	1225496	1246304	2
hs1	1227771	1243310	2
hs19	1228286	1238004	2
hs1	1231490	1231550	2
hs1	1243960	1247057	2
hs11	1244296	1283402	2
hs1	1246965	1260067	2
hs1	1247882	1247946	2
hs19	1248552	1259142	2
hs5	1253263	1295183	2
hs1	1260182	1264276	2
hs1	1266660	1270694	2
hs1	1270658	1284798	2
hs16	1271651	1275268	2
hs7	1272508	1276962	2
hs1	1275030	1275088	2
hs11	1277835	1277900	2
hs16	1278336	1280185	2
hs4	1283679	1333925	2
hs16	1290706	1292555	2
hs11	1295601	1330862	2
hs16	1306070	1309009	2
hs5	1309425	1309492	2
hs5	1317867	1345214	2
hs11	1330938	1331937	2
hs4	1340996	1381837	2
hs16	1359153	1377018	2
hs5	1363697	1380188	2
hs16	1383646	1399440	2
hs19	1383906	1395583	2
hs5	1392911	1445555	2
hs4	1396720	1400230	2
hs19	1397025	1401541	2
hs16	1399241	1401879	2
hs16	1401932	1414114	2
hs19	1407585	1435682	2
hs11	1411164	1483919	2
hs16	1413206	1429653	2
hs19	1438395	1440494	2
hs19	1452983	1473243	2
hs5	1461542	1524075	2
hs16	1469753	1470748	2
hs19	1473200	1479214	2
hs7	1473995	1499106	2
hs19	1481427	1490449	2
hs16	1484389	1494490	2
hs11	1490687	1508009	2
hs19	1491180	1497926	2
hs16	1494934	1525085	2
hs19	1505021	1513018	2
hs7	1509913	1544025	2
hs5	1510877	1510971	2
hs19	1524076	1536045	2
hs16	1535887	1538945	2
hs16	1543361	1560455	2
hs19	1554668	1568057	2
hs16	1560428	1662073	2
hs7	1570338	1582679	2
hs19	1573595	1592864	2
hs11	1575281	1593501	2
hs16	1578679	1605569	2
hs7	1581871	1595841	2
hs11	1593971	1620414	2
hs19	1597168	1605461	2
hs11	1605572	1606513	2
hs7	1606970	1609668	2
hs19	1609291	1652614	2
hs7	1609709	1629261	2
hs11	1618407	1619524	2
hs11	1628795	1629693	2
hs11	1642188	1643368	2
hs11	1651033	1652159	2
hs7	1654106	1656328	2
hs11	1686829	1689086	2
hs4	1694458	1714046	2
hs11	1704500	1706859	2
hs4	1717679	1723084	2
hs11	1718425	1718985	2
hs4	1723248	1746897	2
hs7	1727755	1787581	2
hs19	1753505	1780974	2
hs11	1753636	1771825	2
hs16	1756196	1820318	2
hs11	1773985	1785157	2
hs7	1778266	1781946	2
hs19	1782074	1812275	2
hs16	1784986	1785067	2
hs19	1815247	1848482	2
hs19	1816158	1816237	2
hs16	1820321	1821710	2
hs16	1821896	1823135	2
hs19	1822088	1824544	2
hs16	1823229	1826239	2
hs16	1826739	1831823	2
hs17	1837971	1928628	2
hs19	1852398	1863578	2
hs7	1855431	2272580	2
hs11	1855657	1858751	2
hs11	1861437	1862908	2
hs19	1876809	1885495	2
hs11	1880694	1880766	2
hs7	1883816	1883889	2
hs11	1892154	1913493	2
hs11	1901275	1901377	2
hs19	1905398	1913446	2
hs19	1905398	1926012	2
hs11	1917989	1929589	2
hs17	1921010	1924000	2
hs17	1933406	1946725	2
hs11	1940933	1959932	2
hs19	1941171	1981336	2
hs17	1945316	1946719	2
hs19	1952526	1954548	2
hs17	1953202	1953302	2
hs17	1953565	1953674	2
hs17	1959604	1962981	2
hs17	1963133	2140141	2
hs11	1968562	1977829	2
hs11	1970561	1970706	2
hs19	1985447	2015713	2
hs16	1988230	1993200	2
hs16	1993975	2004690	2
hs11	2004439	2011150	2
hs1	2004901	2116838	2
hs16	2009539	2011976	2
hs16	2012059	2014827	2
hs11	2012326	2014699	2
hs16	2012335	2012467	2
hs16	2012974	2013107	2
hs16	2014997	2015505	2
hs16	2015185	2015311	2
hs11	2016406	2019105	2
hs16	2016857	2018950	2
hs11	2017989	2018061	2
hs16	2022054	2032920	2
hs16	2028918	2031470	2
hs16	2034194	2037750	2
hs19	2037470	2051243	2
hs16	2039971	2044276	2
hs4	2043722	2045691	2
hs16	2047655	2059822	2
hs4	2061054	2070816	2
hs16	2069786	2070756	2
hs19	2071035	2096325	2
hs4	2073645	2243848	2
hs16	2083295	2089027	2
hs16	2089821	2097835	2
hs19	2096914	2099589	2
hs16	2097986	2139491	2
hs19	2100987	2151565	2
hs1	2120988	2126214	2
hs16	2138709	2185899	2
hs16	2140196	2140285	2
hs16	2141437	2145018	2
hs11	2150347	2162173	2
hs11	2150347	2182439	2
hs11	2155364	2155439	2
hs1	2159758	2241652	2
hs11	2161742	2169896	2
hs19	2163932	2232577	2
hs11	2181009	2182439	2
hs16	2183120	2183205	2
hs11	2185159	2193045	2
hs16	2185978	2186130	2
hs11	2194293	2194368	2
hs16	2198145	2204162	2
hs16	2204783	2205359	2
hs16	2205024	2205106	2
hs16	2205783	2228130	2
hs17	2225690	2239751	2
hs16	2227181	2246606	2
hs19	2229951	2236328	2
hs4	2230094	2243848	2
hs17	2233573	2233664	2
hs19	2234061	2234148	2
hs19	2235828	2235925	2
hs19	2236823	2248654	2
hs17	2240795	2284348	2
hs4	2249159	2263836	2
hs19	2249322	2252072	2
hs19	2250638	2250717	2
hs4	2251804	2251883	2
hs19	2252251	2256416	2
hs19	2269485	2273487	2
hs4	2271324	2366541	2
hs1	2281854	2284100	2
hs17	2287367	2304354	2
hs11	2289728	2291818	2
hs19	2289783	2308153	2
hs1	2306293	2322993	2
hs11	2316860	2324370	2
hs19	2321520	2328585	2
hs11	2323243	2339434	2
hs1	2323280	2336875	2
hs19	2328683	2355093	2
hs1	2335413	2344003	2
hs11	2349979	2399222	2
hs11	2398540	2418627	2
hs1	2407754	2436969	2
hs4	2420682	2464690	2
hs11	2421980	2425106	2
hs11	2425746	2444275	2
hs1	2439976	2458035	2
hs1	2460184	2461702	2
hs1	2481359	2488450	2
hs11	2482684	2870340	2
hs1	2487804	2497061	2
hs1	2497974	2515973	2
hs7	2514772	2516017	2
hs1	2517962	2522907	2
hs1	2522079	2564455	2
hs7	2552163	2568063	2
hs7	2566708	2566779	2
hs1	2572708	2717433	2
hs7	2577444	2595158	2
hs7	2598613	2647189	2
hs11	2629558	2721228	2
hs7	2671620	2704436	2
hs7	2727836	2759317	2
hs4	2743375	2758063	2
hs4	2794812	2842823	2
hs11	2861365	2882799	2
hs11	2891263	2893336	2
hs11	2904448	2907005	2
hs11	2908575	2924805	2
hs11	2920921	2946476	2
hs1	2938031	2939467	2
hs11	2949503	2950650	2
hs11	2965667	3013559	2
hs1	2980636	2984289	2
hs11	2985001	2985123	2
hs1	2985767	3355185	2
hs1	3044539	3044599	2
hs18	3066805	3219966	2
hs4	3076408	3245687	2
hs11	3108337	3186540	2
hs12	3186521	3395730	2
hs11	3239174	3240043	2
hs11	3239562	3244361	2
hs4	3246096	3258340	2
hs11	3246260	3253647	2
hs18	3252211	3256235	2
hs18	3255434	3261816	2
hs18	3262717	3278282	2
hs1	3371229	3397677	2
hs4	3371925	3441640	2
hs1	3404515	3528072	2
hs4	3443695	3451213	2
hs20	3451665	3596693	2
hs4	3465033	3496209	2
hs19	3473984	3480523	2
hs1	3477260	3477354	2
hs19	3490822	3500672	2
hs4	3505339	3534149	2
hs19	3522954	3536755	2
hs19	3539155	3544028	2
hs1	3541579	3546691	2
hs19	3544197	3557584	2
hs1	3547334	3566667	2
hs19	3572942	3579081	2
hs4	3578596	3592712	2
hs19	3585476	3593539	2
hs19	3594505	3606873	2
hs1	3607236	3652765	2
hs19	3607245	3613928	2
hs19	3610643	3626813	2
hs19	3630181	3700466	2
hs20	3639895	3644046	2
hs20	3648622	3662657	2
hs1	3652548	3663335	2
hs20	3667617	3687881	2
hs1	3669014	3688209	2
hs20	3713332	3733758	2
hs20	3734146	3749035	2
hs20	3758151	3762095	2
hs20	3764498	3767387	2
hs4	3768112	3770253	2
hs20	3780709	3786768	2
hs4	3943487	3957155	2
hs19	4007734	4039384	2
hs19	4043301	4065527	2
hs4	4190454	4228656	2
hs8	4517689	4517708	2
hs7	4721926	4811073	2
hs7	4815254	4834028	2
hs7	4828196	4828270	2
hs7	4836686	4923347	2
hs19	4969124	5153608	2
hs19	7895104	7929862	2
hs19	7933605	7939275	2
hs19	7943516	7945117	2
hs19	7953390	7966908	2
hs4	7967054	8160540	2
hs19	7968762	7979363	2
hs19	7979715	7983982	2
hs4	8201017	8242830	2
hs4	8271481	8298251	2
hs4	8368009	8442450	2
hs4	8847802	8873565	2
hs1	10535007	10690815	2
hs1	10707268	10856703	2
hs18	11981506	12030876	2
hs18	12093842	12129748	2
hs18	12200778	12224709	2
hs3	12838179	12876302	2
hs3	12876444	12883081	2
hs3	12881811	12881949	2
hs3	12938720	13028601	2
hs18	14946266	14973755	2
hs18	14969606	14970467	2
hs16	15227923	15228007	2
hs16	15227932	15228002	2
hs18	15313555	15325918	2
hs19	18501947	18508432	2
hs18	18526867	18691774	2
hs19	18530208	18545372	2
hs19	18545198	18548943	2
hs22	19705992	19712297	2
hs22	19711062	19712294	2
hs22	19744226	19771112	2
hs22	19770746	19842397	2
hs22	19863045	19929341	2
hs22	19939041	19957498	2
hs22	19951276	19951357	2
hs22	19957419	20004346	2
hs22	20008592	20054687	2
hs22	20020662	20020743	2
hs22	20067755	20099401	2
hs22	20073269	20073356	2
hs22	20073581	20073665	2
hs22	20099398	20104749	2
hs22	20102209	20102274	2
hs22	20105268	20114878	2
hs22	20119327	20135530	2
hs22	20135939	20138578	2
hs22	20186252	20192441	2
hs22	20193855	20196060	2
hs22	20228938	20255841	2
hs22	20236657	20236734	2
hs22	20301761	20307583	2
hs2	20790535	20792308	2
hs2	20817578	20850858	2
hs8	22298483	22398657	2
hs8	22423242	22433301	2
hs8	22436254	22451810	2
hs8	22457112	22461655	2
hs8	22462555	22479027	2
hs20	25165308	25177528	2
hs20	25176306	25208711	2
hs20	25228721	25278648	2
hs20	25275379	25371471	2
hs15	25415870	25415951	2
hs15	25417782	25417863	2
hs15	25420074	25420155	2
hs15	25421979	25422060	2
hs15	25425644	25425725	2
hs15	25427532	25427613	2
hs15	25429453	25429534	2
hs15	25436563	25436644	2
hs15	25436566	25436644	2
hs15	25438468	25438549	2
hs15	25440068	25440148	2
hs15	25444595	25444676	2
hs15	25449504	25449585	2
hs15	25449504	25449585	2
hs15	25451409	25451490	2
hs15	25455065	25455146	2
hs15	25456839	25457180	2
hs15	25456943	25457024	2
hs15	25458806	25458876	2
hs15	25460688	25460769	2
hs15	25463764	25463845	2
hs15	25465650	25465725	2
hs15	25467501	25467574	2
hs15	25470350	25470431	2
hs15	25472256	25472337	2
hs15	25474114	25474195	2
hs15	25492492	25492573	2
hs15	25492492	25492573	2
hs15	25492492	25492573	2
hs15	25494345	25494426	2
hs15	25494345	25494426	2
hs15	25494345	25494426	2
hs7	27132614	27135619	2
hs7	27135713	27139877	2
hs7	27139973	27142302	2
hs7	27146629	27159214	2
hs7	27161538	27168379	2
hs7	27168144	27170376	2
hs7	27180671	27183300	2
hs7	27185015	27187393	2
hs7	27186782	27195547	2
hs7	27193338	27196294	2
hs7	27202057	27205156	2
hs7	27202057	27219880	2
hs7	27208518	27211534	2
hs7	27209099	27209182	2
hs7	27210224	27213939	2
hs7	27220776	27224851	2
hs7	27225027	27228912	2
hs17	27717943	27878921	2
hs17	27887565	27894055	2
hs17	27895719	27900175	2
hs17	27900493	27916666	2
hs17	27920150	27941779	2
hs12	28343389	28703099	2
hs22	30636442	30642748	2
hs22	30658819	30662229	2
hs20	33516236	33543438	2
hs20	33543671	33590240	2
hs20	33578179	33578300	2
hs20	33578203	33578275	2
hs20	35405845	35488276	2
hs20	35918058	35945663	2
hs20	35973088	36033835	2
hs19	36195460	36207940	2
hs19	36208905	36229779	2
hs19	36229703	36233353	2
hs19	36233428	36236319	2
hs19	36236552	36238420	2
hs19	36239477	36245420	2
hs19	36245467	36247930	2
hs19	36249077	36262068	2
hs20	36766345	36793672	2
hs20	36838905	36889137	2
hs1	36883507	36916086	2
hs1	36921319	36929985	2
hs1	36931644	36948514	2
hs1	37261128	37500116	2
hs1	37627164	37627235	2
hs1	37920480	37940044	2
hs1	37940181	37949978	2
hs1	37945831	37945890	2
hs1	37955561	37980367	2
hs1	37966536	37966595	2
hs1	38000050	38019894	2
hs1	38022541	38032458	2
hs1	38032417	38061538	2
hs1	38076951	38100564	2
hs1	38147242	38157914	2
hs1	38158188	38175391	2
hs7	38217847	38270270	2
hs1	38225945	38230824	2
hs1	38259774	38267278	2
hs1	38268617	38273880	2
hs1	38273473	38275126	2
hs1	38275246	38325264	2
hs7	38299244	38313248	2
hs1	38326369	38397411	2
hs7	38381178	38418238	2
hs1	38422652	38455694	2
hs1	38462442	38471186	2
hs1	38478406	38490492	2
hs1	38509501	38512465	2
hs1	38554903	38555001	2
hs1	38674706	38680439	2
hs1	39303871	39325444	2
hs1	39328162	39339050	2
hs1	39328162	39347298	2
hs1	39339073	39341898	2
hs1	39339741	39347259	2
hs1	39351479	39395191	2
hs1	39456916	39471737	2
hs1	39491967	39500308	2
hs1	39549839	39952810	2
hs1	39874745	39882154	2
hs1	39957308	39995541	2
hs1	39980538	39982341	2
hs1	39987952	40025370	2
hs1	40026490	40042462	2
hs1	40030742	40038875	2
hs1	40033046	40033182	2
hs1	40089107	40105315	2
hs1	40124793	40137710	2
hs1	40144320	40157157	2
hs1	40204517	40222441	2
hs1	40222854	40254537	2
hs1	40235195	40237020	2
hs15	42066682	42120053	2
hs15	42120283	42140346	2
hs15	42120290	42129779	2
hs15	42131011	42140346	2
hs15	42140344	42186251	2
hs15	42158693	42158749	2
hs3	42589461	42623459	2
hs3	42642178	42690227	2
hs3	42653802	42695880	2
hs3	42695189	42709072	2
hs19	42702750	42721829	2
hs19	42724464	42732353	2
hs3	42727029	42734036	2
hs19	42734343	42746754	2
hs19	42751721	42758051	2
hs19	42788621	42799948	2
hs22	43506756	43525718	2
hs22	43528212	43539403	2
hs22	43547565	43559248	2
hs22	43562628	43583140	2
hs22	43593286	43739378	2
hs10	43600180	43623062	2
hs10	43633893	43680754	2
hs10	43689981	43725187	2
hs7	43966035	43995735	2
hs7	43980494	44058793	2
hs7	44040539	44049723	2
hs7	44068486	44080222	2
hs7	44078648	44083895	2
hs7	44084301	44109055	2
hs7	44091365	44091428	2
hs7	44102326	44105166	2
hs7	44111661	44122139	2
hs7	44112977	44113032	2
hs7	44143944	44154159	2
hs7	44150448	44150511	2
hs7	44154279	44163147	2
hs7	44178463	44180931	2
hs7	44182812	44229038	2
hs7	44240577	44253893	2
hs7	44256754	44365193	2
hs21	44394620	44454041	2
hs21	44742089	44751919	2
hs21	44949066	45079369	2
hs21	45079441	45115960	2
hs21	45161367	45182180	2
hs21	45193831	45196189	2
hs21	45209458	45225159	2
hs21	45225639	45232448	2
hs21	45494205	45526432	2
hs21	45527280	45551063	2
hs21	45642878	45660826	2
hs21	45666222	45681780	2
hs21	45705759	45718531	2
hs21	45719936	45747256	2
hs21	45834475	45845446	2
hs21	45845412	45862964	2
hs21	45875393	45882079	2
hs21	45917776	46131487	2
hs21	45925927	45936458	2
hs22	46067678	46241187	2
hs21	46269500	46293818	2
hs21	46305869	46348730	2
hs22	46316246	46373042	2
hs21	46340950	46349595	2
hs21	46354640	46359828	2
hs21	46359912	46396904	2
hs11	46369013	46402101	2
hs11	46397952	46398034	2
hs22	46402496	46406657	2
hs11	46403261	46405387	2
hs11	46405341	46413326	2
hs21	46409779	46414001	2
hs21	46419122	46424642	2
hs22	46435787	46440748	2
hs22	46444411	46450105	2
hs22	46449726	46454402	2
hs22	46481877	46509808	2
hs22	46486924	46487006	2
hs22	46508629	46508702	2
hs22	46509446	46509537	2
hs22	46509566	46509648	2
hs17	46605888	46608373	2
hs17	46620017	46622393	2
hs17	46621713	46628603	2
hs17	46626232	46659741	2
hs17	46652869	46655712	2
hs21	46654255	46678645	2
hs17	46657200	46657309	2
hs17	46667782	46683774	2
hs17	46668619	46671103	2
hs17	46673113	46682348	2
hs21	46683850	46707810	2
hs17	46684595	46688379	2
hs17	46689708	46692654	2
hs3	46710485	46735169	2
hs3	46742882	46752376	2
hs3	46753607	46759359	2
hs22	46757071	46933517	2
hs21	46758505	46761905	2
hs21	46827301	46829980	2
hs21	46839631	46844985	2
hs21	46875436	46933634	2
hs21	46898180	46898240	2
hs3	46899362	46904934	2
hs3	46919211	46945289	2
hs21	46932479	46962354	2
hs3	46963220	47017991	2
hs22	47016283	47075682	2
hs3	47021156	47051191	2
hs21	47063639	47362364	2
hs21	47392884	47394867	2
hs21	47401684	47424962	2
hs21	47518026	47552762	2
hs21	47556176	47575493	2
hs21	47581074	47604373	2
hs21	47608360	47648738	2
hs3	48555117	48594236	2
hs3	48587394	48587454	2
hs3	48599151	48601214	2
hs3	48601506	48632762	2
hs3	48616335	48616410	2
hs3	48636435	48647079	2
hs3	48642353	48642583	2
hs3	48658192	48659202	2
hs3	48663156	48672894	2
hs3	48671069	48671131	2
hs3	48673896	48700319	2
hs3	48681627	48681713	2
hs20	48697661	48732494	2
hs20	48789107	48793208	2
hs20	48801140	48808606	2
hs20	48807120	48809227	2
hs20	48909257	48931456	2
hs20	48927248	48937879	2
hs22	48934712	48943199	2
hs3	50126352	50156454	2
hs3	50153455	50193518	2
hs3	50192491	50226508	2
hs3	50229043	50235129	2
hs3	50242704	50258917	2
hs3	50264868	50264922	2
hs19	50270258	50310371	2
hs3	50284342	50296794	2
hs22	50293877	50312086	2
hs19	50295123	50295191	2
hs3	50304073	50304803	2
hs19	50310123	50316549	2
hs3	50310550	50314602	2
hs3	50310667	50310728	2
hs22	50312282	50321185	2
hs3	50316518	50325545	2
hs19	50321546	50340236	2
hs3	50325163	50329860	2
hs3	50330263	50336836	2
hs19	50335275	50335356	2
hs3	50337320	50349812	2
hs19	50341903	50354933	2
hs19	50353992	50364001	2
hs3	50355221	50360281	2
hs19	50357848	50357908	2
hs19	50359722	50362546	2
hs3	50362340	50365669	2
hs19	50364461	50370833	2
hs3	50367219	50375683	2
hs19	50372290	50380644	2
hs3	50374942	50375727	2
hs3	50378544	50383163	2
hs19	50380959	50392007	2
hs3	50384786	50388206	2
hs3	50388293	50391496	2
hs19	50391432	50391487	2
hs3	50392181	50396952	2
hs19	50392913	50432761	2
hs3	50400044	50541675	2
hs22	50528685	50600116	2
hs22	50609160	50618724	2
hs22	50624342	50638023	2
hs22	50656123	50683452	2
hs22	50683613	50689694	2
hs22	50691330	50700112	2
hs22	50702142	50708809	2
hs22	50713408	50746075	2
hs22	50781756	50883518	2
hs22	50883431	50913464	2
hs22	50919972	50924866	2
hs22	50925288	50929077	2
hs22	50941378	50946131	2
hs22	50946653	50963209	2
hs22	50961997	50964868	2
hs22	50964181	50968514	2
hs3	51967445	51975920	2
hs3	51976321	51982883	2
hs3	51989397	51991511	2
hs3	51991474	52001470	2
hs3	52002526	52008646	2
hs3	52009080	52015212	2
hs3	52009080	52023213	2
hs3	52017551	52023213	2
hs3	52027538	52029911	2
hs3	52082937	52090587	2
hs3	52096110	52099128	2
hs3	52288450	52312665	2
hs3	52321844	52329273	2
hs3	52322596	52323749	2
hs3	52328235	52328324	2
hs3	52350335	52434508	2
hs3	52435025	52444024	2
hs3	52444676	52457657	2
hs3	52467051	52479119	2
hs3	52485116	52488057	2
hs3	52489620	52515926	2
hs3	52529354	52558511	2
hs3	53122501	53164451	2
hs3	53202719	53226733	2
hs12	54329112	54333427	2
hs12	54332615	54340328	2
hs12	54348687	54352740	2
hs12	54356092	54362698	2
hs12	54366910	54371427	2
hs12	54377735	54379303	2
hs12	54378930	54384062	2
hs12	54385522	54385631	2
hs12	54388992	54390569	2
hs12	54392806	54393794	2
hs12	54393945	54397120	2
hs12	54402769	54406553	2
hs12	54410672	54424607	2
hs12	54410672	54449814	2
hs12	54426834	54429144	2
hs12	54427734	54427829	2
hs12	57522266	57607125	2
hs12	57538403	57541402	2
hs12	57588287	57588359	2
hs12	57610577	57620232	2
hs20	60174817	60515673	2
hs20	60528602	60528718	2
hs20	60549854	60640866	2
hs20	60639858	60639941	2
hs20	60697531	60710428	2
hs20	60711789	60718450	2
hs20	60718825	60757570	2
hs20	60758084	60778624	2
hs20	60790016	60795334	2
hs20	60813577	60871239	2
hs20	60877952	60883918	2
hs20	60884121	60942368	2
hs20	60907543	60907613	2
hs20	60928066	60931534	2
hs20	60962159	60963576	2
hs20	60963686	60982339	2
hs20	60985293	61002595	2
hs20	61038553	61051051	2
hs20	61147660	61167971	2
hs20	61151513	61151583	2
hs20	61162119	61162220	2
hs20	61273855	61303645	2
hs20	61294379	61297973	2
hs20	61340188	61394123	2
hs20	61405473	61408208	2
hs20	61427825	61433081	2
hs20	61431979	61436939	2
hs20	61436187	61445352	2
hs11	61447863	61514473	2
hs20	61448402	61472511	2
hs20	61472357	61493174	2
hs20	61475918	61477543	2
hs20	61509090	61569304	2
hs11	61520108	61555990	2
hs20	61569499	61579827	2
hs20	61584061	61600937	2
hs20	61637279	61638316	2
hs20	61665569	61668380	2
hs20	61669363	61685215	2
hs20	61726845	61733671	2
hs20	61732644	61735738	2
hs20	61809852	61809938	2
hs20	61826782	61847483	2
hs20	61867257	61871847	2
hs20	61870131	61870194	2
hs20	61872136	61884847	2
hs20	61885330	61892967	2
hs20	61915664	61921142	2
hs20	61918160	61918218	2
hs20	61924538	61966203	2
hs20	61974575	61992701	2
hs20	61991340	62002529	2
hs20	62031561	62104008	2
hs20	62119367	62130436	2
hs20	62152094	62153524	2
hs20	62159776	62168723	2
hs20	62171277	62178857	2
hs20	62184373	62188060	2
hs20	62189439	62199107	2
hs20	62218958	62258454	2
hs20	62271058	62284963	2
hs20	62289163	62330051	2
hs20	62289665	62327598	2
hs20	62328005	62330035	2
hs20	62330000	62339328	2
hs20	62339391	62367494	2
hs20	62368016	62370456	2
hs20	62371129	62375403	2
hs20	62375023	62436856	2
hs20	62439429	62454360	2
hs20	62492851	62494341	2
hs20	62496623	62522890	2
hs20	62526479	62567363	2
hs20	62550914	62550985	2
hs20	62551026	62551124	2
hs20	62551109	62551180	2
hs20	62551221	62551292	2
hs20	62571182	62587769	2
hs20	62572818	62572897	2
hs20	62573984	62574079	2
hs20	62584737	62588338	2
hs20	62588057	62601283	2
hs20	62605469	62610995	2
hs20	62612485	62664453	2
hs20	62678935	62680992	2
hs20	62688325	62703700	2
hs20	62704535	62711317	2
hs20	62708308	62708363	2
hs20	62711435	62731986	2
hs20	62714733	62715712	2
hs20	62735155	62738918	2
hs20	62795805	62873606	2
hs20	62887048	62907579	2
hs20	62921738	62934707	2
hs11	63742092	63744015	2
hs11	63753325	63765892	2
hs11	63766030	63933585	2
hs11	63803403	63886643	2
hs11	63953643	63972015	2
hs11	63975178	63991363	2
hs11	63991288	63993658	2
hs11	63993746	63997488	2
hs11	63997753	64001753	2
hs11	64002056	64006736	2
hs11	64009588	64011607	2
hs11	64011951	64014415	2
hs11	64019002	64036924	2
hs11	64037302	64052137	2
hs11	64052315	64056966	2
hs11	64059194	64072241	2
hs11	64059195	64067503	2
hs11	64073699	64084212	2
hs11	64083932	64085031	2
hs11	64085593	64089283	2
hs11	64107676	64125006	2
hs11	64109321	64109376	2
hs11	64373646	64490669	2
hs11	64494383	64511614	2
hs11	64513861	64528187	2
hs11	64532078	64545233	2
hs11	64552390	64570686	2
hs11	64570986	64578188	2
hs11	64590524	64612125	2
hs11	64620199	64647185	2
hs11	64655930	64660921	2
hs11	64658609	64658718	2
hs11	64658827	64658911	2
hs11	64662018	64684681	2
hs11	64665835	64665909	2
hs11	65292554	65306175	2
hs11	65306030	65325699	2
hs11	65340009	65341661	2
hs11	65343509	65360121	2
hs11	65360307	65363271	2
hs11	65365228	65381692	2
hs11	65383783	65404910	2
hs11	66886734	67025550	2
hs11	67033944	67054027	2
hs11	67056774	67069955	2
hs11	67071001	67080063	2
hs11	67085310	67159158	2
hs11	67118236	67121067	2
hs11	67131639	67141648	2
hs16	67143844	67182447	2
hs11	67160776	67165883	2
hs11	67165654	67169329	2
hs11	67171401	67177560	2
hs16	67182007	67184901	2
hs11	67183149	67193075	2
hs16	67188089	67193812	2
hs16	67193860	67198077	2
hs11	67195965	67202872	2
hs16	67197664	67203844	2
hs11	67202981	67205153	2
hs11	67205518	67211292	2
hs16	67207756	67209640	2
hs16	67209502	67217866	2
hs16	67218282	67224039	2
hs11	67218772	67220200	2
hs11	67222825	67229223	2
hs16	67226058	67232821	2
hs11	67229181	67236722	2
hs16	67233034	67237907	2
hs16	67236224	67236298	2
hs16	67241042	67260721	2
hs11	67250987	67258579	2
hs11	67257716	67257786	2
hs11	67259239	67272834	2
hs16	70613798	70694585	2
hs16	70721342	70835061	2
hs17	72772638	72835892	2
hs17	72840171	72856966	2
hs17	73472618	73496533	2
hs17	73494629	73494709	2
hs17	73496342	73505971	2
hs17	73512609	73520816	2
hs17	73521778	73571290	2
hs17	73584139	73622927	2
hs17	73632675	73637486	2
hs17	73642331	73644054	2
hs17	73644943	73663234	2
hs17	73663196	73704142	2
hs17	73717539	73753899	2
hs17	73753975	73761273	2
hs17	73780602	73780688	2
hs17	73780920	73790279	2
hs17	73823307	73840485	2
hs17	73841780	73852517	2
hs17	73870245	73874662	2
hs17	73885044	73893032	2
hs17	73894725	73900965	2
hs14	73997240	73997409	2
hs17	75393066	75393136	2
hs15	75494223	75504510	2
hs15	75519094	75522031	2
hs15	75550899	75565796	2
hs15	75575182	75588148	2
hs11	76778018	76837198	2
hs11	76813886	76814377	2
hs18	76829394	77138282	2
hs11	76839292	76926286	2
hs17	77070906	77084681	2
hs17	77085427	77478680	2
hs18	77155930	77289323	2
hs15	77287467	77329816	2
hs17	77751977	77756331	2
hs17	77765931	77770876	2
hs17	78518638	78940168	2
hs17	78965641	78973933	2
hs17	79008951	79091234	2
hs17	79091096	79105748	2
hs17	79099076	79099173	2
hs17	79099677	79099755	2
hs17	79099683	79099749	2
hs17	79106996	79107108	2
hs17	79163396	79196765	2
hs17	79202077	79212855	2
hs17	79202507	79206009	2
hs17	79213714	79215098	2
hs17	79224671	79269107	2
hs17	79276624	79283048	2
hs17	79285065	79304474	2
hs17	79349238	79358925	2
hs17	79369257	79433357	2
hs17	79374516	79374578	2
hs17	79418130	79418214	2
hs17	79476997	79479825	2
hs17	79495403	79504156	2
hs17	79506917	79519379	2
hs17	79617489	79623572	2
hs17	79632066	79633635	2
hs17	79633767	79640927	2
hs17	79648195	79650954	2
hs17	79651041	79669151	2
hs17	79660787	79660899	2
hs17	79670397	79674547	2
hs17	79679266	79688046	2
hs17	79762026	79771884	2
hs17	79780237	79791167	2
hs17	79791368	79792926	2
hs17	79801042	79818411	2
hs17	79825597	79829213	2
hs17	79845711	79849463	2
hs17	79849589	79858409	2
hs17	79858834	79869275	2
hs17	79860114	79860781	2
hs17	79869815	79876052	2
hs17	79876146	79885611	2
hs17	79890267	79895176	2
hs17	79897521	79905109	2
hs17	79910383	79919063	2
hs17	79935505	79975282	2
hs17	79976579	79980754	2
hs17	79981181	79989027	2
hs17	79989554	79992080	2
hs17	79993734	79995573	2
hs17	80005778	80009687	2
hs17	80009774	80015940	2
hs17	80015382	80023680	2
hs17	80036214	80056112	2
hs17	80047836	80048016	2
hs17	80059346	80170718	2
hs17	80193650	80197375	2
hs17	80194544	80194604	2
hs17	80200537	80231626	2
hs17	80272749	80275484	2
hs17	80278900	80291642	2
hs17	80317123	80321651	2
hs17	80329641	80335334	2
hs10	80703083	80827205	2
hs10	80828723	81076275	2
hs10	81107225	81115089	2
hs10	81142083	81205380	2
hs16	85316564	85321685	2
hs16	85339832	85339931	2
hs16	85645015	85709806	2
hs16	87863629	87903113	2
hs16	87868198	87868266	2
hs16	87915155	87970135	2
hs16	87985040	88110922	2
hs16	88133015	88134591	2
hs16	88449367	88507159	2
hs16	88519688	88603439	2
hs16	88535326	88535439	2
hs16	88636811	88698372	2
hs16	88704980	88706876	2
hs16	88709697	88717461	2
hs16	88718348	88729499	2
hs16	88729781	88741914	2
hs16	88744096	88752915	2
hs16	88762909	88772816	2
hs16	88772911	88781804	2
hs16	88781746	88851628	2
hs16	88782686	88782745	2
hs16	88797588	88807833	2
hs16	88809175	88812156	2
hs16	88870197	88875666	2
hs16	88875877	88878336	2
hs16	88880142	88923355	2
hs16	88923535	88929086	2
hs16	88929742	88936560	2
hs16	88941266	89007758	2
hs16	88949923	88953544	2
hs16	89005679	89020190	2
hs16	89160260	89222245	2
hs16	89225628	89230083	2
hs16	89238156	89261900	2
hs16	89574811	89604129	2
hs16	89627065	89633237	2
hs16	89627838	89627909	2
hs16	89642166	89663654	2
hs16	89687005	89704841	2
hs15	91411818	91426687	2
hs15	91428276	91439006	2
hs15	91445895	91465809	2
hs15	96833673	96870590	2
hs15	96875794	96883492	2
hs15	96876490	96876536	2
hs14	100842753	100996640	2
hs14	101003484	101036129	2
hs14	103566481	103576894	2
hs14	103587186	103589246	2
hs14	103589798	103603776	2
hs14	103851701	103970166	2
hs14	103986004	103989167	2
hs14	103995533	104003410	2
hs14	104552037	104581919	2
hs14	104583742	104583851	2
hs14	104583755	104583840	2
hs14	104605060	104647235	2
hs14	105144031	105144086	2
hs14	105155955	105188872	2
hs14	105219484	105225991	2
hs14	105235686	105262085	2
hs14	105267438	105271048	2
hs14	105287538	105290055	2
hs14	105331605	105363084	2
hs14	105391216	105399573	2
hs14	105403590	105436844	2
hs14	105475910	105487420	2
hs14	105515732	105531767	2
hs14	105607335	105635113	2
hs14	105617115	105617201	2
hs14	105641825	105647660	2
hs14	105675624	105781914	2
hs14	105781085	105864484	2
hs14	105864875	105880196	2
hs14	105883918	105886076	2
hs14	105886164	105937066	2
hs14	105941158	105946499	2
hs14	105953223	105955284	2
hs14	105993442	105996539	2
hs14	105998192	106000654	2
hs14	106106505	106106569	2
hs14	106135914	106139144	2
hs14	106324293	106324344	2
hs14	106325653	106325722	2
hs14	106383838	106398502	2
hs14	106435818	106438358	2
hs14	106744269	106744966	2
hs14	106938445	106951529	2
hs14	107259100	107259214	2
hs13	113621798	113622952	2
hs13	113656028	113754053	2
hs13	113760105	113774999	2
hs13	114462199	114519968	2
hs13	114518583	114545814	2
hs13	114523522	114567049	2
hs13	114581601	114586459	2
hs13	114598076	114624290	2
hs13	114629487	114631964	2
hs13	114747194	114898098	2
hs11	118754601	118768496	2
hs11	118766845	118781251	2
hs11	118781417	118781496	2
hs12	122150658	122219974	2
hs12	122215660	122231594	2
hs12	122233173	122240852	2
hs12	122241915	122270562	2
hs12	124773710	124800570	2
hs12	124808961	125052158	2
hs12	124821727	124821788	2
hs10	126150392	126302710	2
hs10	126307861	126432947	2
hs10	126392597	126403329	2
hs3	126423083	126679263	2
hs3	126707437	126756235	2
hs2	127805608	127864730	2
hs3	127872324	128127489	2
hs3	128181280	128186091	2
hs3	128182437	128191160	2
hs3	128198265	128206764	2
hs3	128208046	128222050	2
hs2	128293378	128395303	2
hs2	128395996	128439360	2
hs2	128403728	128410213	2
hs7	128432022	128462184	2
hs2	128459071	128462816	2
hs7	128470460	128499326	2
hs2	128492953	128568745	2
hs7	128502910	128505901	2
hs7	128516919	128550763	2
hs2	129023054	129076442	2
hs3	129274057	129325519	2
hs9	130374556	130454978	2
hs9	130452966	130453074	2
hs9	130469267	130478281	2
hs9	130475942	130477955	2
hs9	130478358	130493869	2
hs9	130493803	130497573	2
hs9	130500596	130524697	2
hs9	130548112	130548202	2
hs9	130548197	130548286	2
hs9	130548313	130553064	2
hs9	130565137	130576360	2
hs9	130577291	130617052	2
hs9	130578345	130584799	2
hs9	130628765	130635759	2
hs9	130631694	130631774	2
hs9	130647600	130661927	2
hs9	130670165	130679305	2
hs9	130683808	130689770	2
hs9	130697378	130700133	2
hs9	130702861	130712993	2
hs12	132621140	132628864	2
hs12	132629002	132637013	2
hs12	132680917	132906175	2
hs12	132851977	132857486	2
hs12	132906436	132908161	2
hs9	133028039	133309510	2
hs12	133066737	133161773	2
hs9	133320348	133376661	2
hs9	133589268	133763062	2
hs11	133766336	133826863	2
hs9	133768095	133772199	2
hs11	133768399	133768476	2
hs9	133777825	133814455	2
hs10	133879450	133998362	2
hs10	134000452	134019263	2
hs10	134020986	134062612	2
hs10	134145697	134166900	2
hs10	134210704	134231358	2
hs10	134351291	134596984	2
hs10	134596685	134599651	2
hs10	134621896	134756074	2
hs10	134757471	134778793	2
hs10	134774844	134775741	2
hs10	134779038	134790001	2
hs10	134898753	134900201	2
hs10	134915750	134945179	2
hs10	134973723	134994344	2
hs10	135043721	135045062	2
hs10	135051359	135055432	2
hs10	135059983	135061389	2
hs10	135061015	135061124	2
hs10	135075927	135090372	2
hs10	135092134	135125841	2
hs10	135122418	135126665	2
hs10	135137576	135150400	2
hs10	135160877	135166187	2
hs10	135168662	135171523	2
hs9	135957926	135962478	2
hs9	135973109	136004788	2
hs9	136287487	136324508	2
hs9	136325087	136335909	2
hs9	136336216	136344221	2
hs9	136397286	136440641	2
hs9	136442203	136474511	2
hs9	136501485	136524451	2
hs9	136519709	136522530	2
hs9	136528684	136605077	2
hs9	136627016	136857446	2
hs9	136895446	136933148	2
hs9	136919412	136923927	2
hs9	137001204	137025090	2
hs9	137029562	137029686	2
hs9	137271141	137332432	2
hs9	137271257	137271318	2
hs9	137533651	137736688	2
hs9	137541231	137544689	2
hs9	137711261	137764464	2
hs9	138555168	138557755	2
hs9	138585255	138591327	2
hs9	138594031	138687348	2
hs9	138824815	138853219	2
hs9	138898383	138987135	2
hs5	138940924	139008018	2
hs5	139028536	139063467	2
hs9	139088096	139093520	2
hs9	139098183	139137658	2
hs9	139141819	139166855	2
hs9	139216998	139221779	2
hs9	139247509	139254057	2
hs9	139253935	139258196	2
hs9	139258408	139268121	2
hs9	139270021	139292889	2
hs9	139305025	139318213	2
hs9	139323073	139334297	2
hs9	139334557	139377492	2
hs9	139377462	139380519	2
hs9	139388885	139440500	2
hs9	139414020	139414078	2
hs9	139440625	139440711	2
hs9	139442294	139444196	2
hs9	139506480	139511633	2
hs9	139543062	139554873	2
hs9	139560220	139567130	2
hs9	139565054	139565138	2
hs9	139567595	139581909	2
hs9	139619684	139622636	2
hs9	139620556	139620689	2
hs9	139621199	139621331	2
hs9	139632625	139637392	2
hs9	139638470	139642977	2
hs9	139640613	139644363	2
hs9	139641345	139641422	2
hs9	139648840	139652731	2
hs9	139654086	139658970	2
hs9	139685796	139687769	2
hs9	139690790	139702193	2
hs9	139698379	139703300	2
hs9	139702400	139728928	2
hs9	139725409	139725475	2
hs9	139743861	139745476	2
hs9	139746798	139755251	2
hs9	139756571	139760760	2
hs9	139780968	139821059	2
hs9	139781185	139781255	2
hs9	139834887	139839190	2
hs9	139839695	139841427	2
hs9	139846725	139849949	2
hs9	139871956	139876194	2
hs9	139877445	139880210	2
hs9	139889060	139891020	2
hs9	139901686	139923374	2
hs9	139921916	139931234	2
hs9	139924626	139926540	2
hs9	139933915	139940629	2
hs9	139942559	139948513	2
hs9	139956579	139965009	2
hs9	139971969	139978990	2
hs9	139981437	140003635	2
hs9	140004998	140009185	2
hs9	140033606	140063208	2
hs9	140063210	140064503	2
hs9	140063638	140063722	2
hs9	140065310	140066508	2
hs9	140069236	140083012	2
hs9	140083128	140084817	2
hs9	140086071	140095193	2
hs9	140098535	140100100	2
hs9	140100152	140113813	2
hs9	140114699	140115775	2
hs9	140119626	140120767	2
hs9	140121954	140124092	2
hs9	140125385	140131006	2
hs9	140135739	140138159	2
hs9	140138052	140142203	2
hs9	140144671	140147949	2
hs9	140145738	140147935	2
hs9	140149779	140167993	2
hs9	140172178	140177093	2
hs9	140194083	140196723	2
hs9	140260597	140317614	2
hs9	140317845	140328858	2
hs9	140328816	140335809	2
hs9	140342023	140353786	2
hs9	140344478	140344538	2
hs9	140354404	140444854	2
hs8	142138688	142205903	2
hs8	142222027	142238673	2
hs8	142264666	142266916	2
hs8	142350648	142354720	2
hs8	142366574	142377386	2
hs8	142431488	142442554	2
hs8	142443929	142517330	2
hs8	142867603	142867674	2
hs14	143079637	143079657	2
hs8	143257700	143257779	2
hs8	143279717	143290364	2
hs8	143293441	143484543	2
hs8	143531010	143626368	2
hs8	143808641	143818345	2
hs8	143822367	143823824	2
hs8	143831568	143833950	2
hs8	143852615	143857947	2
hs8	143866298	143867955	2
hs8	144077245	144079080	2
hs8	144099902	144103827	2
hs8	144120626	144135720	2
hs8	144239333	144241738	2
hs8	144295093	144299044	2
hs8	144329109	144335761	2
hs8	144349615	144359101	2
hs8	144362325	144363870	2
hs8	144373587	144382120	2
hs8	144391497	144417050	2
hs8	144448793	144450805	2
hs8	144451046	144466391	2
hs8	144499849	144501320	2
hs8	144510234	144512902	2
hs8	144519829	144623617	2
hs8	144635557	144645231	2
hs8	144648363	144654942	2
hs8	144656955	144660500	2
hs8	144661864	144679585	2
hs8	144680001	144685394	2
hs8	144731954	144735900	2
hs8	144766649	144777555	2
hs8	144788864	144790279	2
hs8	144790221	144796068	2
hs8	144798519	144804628	2
hs8	144806103	144815949	2
hs8	144815253	144815323	2
hs8	144840663	144842678	2
hs8	144873095	144897943	2
hs8	144895127	144895212	2
hs8	144898514	144911211	2
hs8	144915753	144923145	2
hs8	144919928	144919988	2
hs8	144939498	144952635	2
hs8	144989321	145013765	2
hs8	145019359	145019447	2
hs8	145051326	145060628	2
hs8	145064226	145067583	2
hs8	145086448	145102015	2
hs8	145106167	145115595	2
hs8	145112224	145112283	2
hs8	145133575	145135551	2
hs8	145134777	145134845	2
hs8	145137537	145141119	2
hs8	145149979	145152428	2
hs8	145153540	145158676	2
hs8	145159364	145162514	2
hs8	145162642	145173220	2
hs8	145202919	145316829	2
hs8	145321356	145323383	2
hs8	145486001	145515120	2
hs8	145486629	145486693	2
hs8	145515286	145538383	2
hs8	145538247	145550515	2
hs8	145540909	145540978	2
hs8	145554228	145560144	2
hs8	145576888	145578591	2
hs8	145579091	145582132	2
hs8	145582273	145584932	2
hs8	145592596	145596648	2
hs8	145597736	145618453	2
hs8	145618446	145634719	2
hs8	145619364	145619445	2
hs8	145625671	145625739	2
hs8	145637798	145638969	2
hs8	145648984	145653946	2
hs8	145654158	145669823	2
hs8	145660551	145665276	2
hs8	145660934	145661002	2
hs8	145675314	145690875	2
hs8	145691720	145699585	2
hs8	145698795	145701232	2
hs8	145703734	145727504	2
hs3	145787228	145879282	2
hs3	145910124	145968402	2
hs7	149412102	149431664	2
hs7	149461271	149470677	2
hs7	149535464	149564568	2
hs7	149564783	149570951	2
hs7	149570057	149577801	2
hs7	149578448	149918189	2
hs7	150646517	150652892	2
hs7	150690870	150701028	2
hs7	150712239	150721586	2
hs7	150725537	150744869	2
hs7	150745379	150749843	2
hs7	150750902	150754984	2
hs7	150759634	150773614	2
hs7	150773708	150777970	2
hs7	150778172	150780106	2
hs7	150782954	150841521	2
hs5	176237560	176307899	2
hs5	176853677	176869892	2
hs5	176864890	176874945	2
hs5	176873815	176883287	2
hs5	176883611	176900635	2
hs5	176910395	176924605	2
hs5	178577676	178772462	2
hs3	195295576	195310811	2
hs3	195373567	195379030	2
hs3	195384910	195415735	2
hs3	195426272	195426368	2
hs3	195447753	195460424	2
hs3	195473642	195538800	2
hs3	195590235	195619655	2
hs2	220283099	220291456	2
hs2	220325534	220331584	2
hs2	220363613	220371711	2
hs2	220379204	220403494	2
hs2	220403669	220407819	2
hs2	220408385	220415317	2
hs2	220413795	220413869	2
hs2	238875587	239008054	2
hs2	238969642	239008054	2
hs2	239036031	239041928	2
hs2	239047309	239061586	2
hs2	241375080	241407493	2
hs2	241395418	241395506	2
hs2	241418839	241500481	2
hs2	241499471	241503431	2
hs2	241507901	241520789	2
hs2	241526151	241538521	2
hs2	241544847	241570670	2
hs2	241615835	241622302	2
hs2	241631283	241637900	2
hs2	241653184	241759636	2
hs2	241808241	241819917	2
hs21	45553565	45561297	2
hs21	45670696	45671404	2
hs1	0	2300000	2
hs1	0	2300000	2
hs1	0	2300000	2
hs1	0	2300000	2
hs1	0	2300000	2
hs1	0	2300000	2
hs1	0	2300000	2
hs1	0	2300000	2
hs1	0	2300000	2
hs1	0	2300000	2
hs1	0	2300000	2
hs1	0	2300000	2
hs1	0	2300000	2
hs1	0	2300000	2
hs14	73800000	79300000	2
hs14	105957586	105965585	2
hs16	728518	729777	2
hs19	50412231	50432761	2
hs1	22959751	22959859	2
hs3	44200000	50600000	2
hs3	50333833	50336836	2
hs7	149473131	149531053	2
hs8	144779285	144780583	2
hs8	139900000	146364022	2
hs8	144685380	144691745	2
hs8	144694788	144699719	2
hs11	767223	777487	2
hs11	0	2800000	2
hs11	1049880	1055764	2
hs11	0	2800000	2
hs11	61521501	61525136	2
hs14	105127457	105131895	2
hs14	105196181	105213662	2
hs16	420789	431978	2
hs16	771146	772590	2
hs16	779765	790997	2
hs16	89232791	89235555	2
hs19	1021521	1021626	2
hs19	1021521	1021627	2
hs19	1021521	1021626	2
hs19	1354958	1378428	2
hs19	2274630	2282174	2
hs20	60753213	61148768	2
hs22	17900000	22200000	2
hs22	20326436	20706786	2
hs22	50639440	50656045	2
hs2	220361077	220363009	2
hs2	241388796	241396117	2
hs2	241522167	241525733	2
hs2	241825465	241835573	2
hs2	241894036	241906868	2
hs3	12919021	12926710	2
hs3	46871033	46875313	2
hs3	129267228	129270310	2
hs4	0	4500000	2
hs4	675618	682940	2
hs4	0	4500000	2
hs4	3675320	3679582	2
hs7	331195	334388	2
hs7	601595	605256	2
hs7	128506384	128512101	2
hs9	139006435	139010721	2
hs9	139296374	139305066	2
hs9	139607024	139619194	2
hs9	139736930	139741797	2
hs9	139886874	139888428	2
hs10	134258693	134261810	2
hs11	2800000	10700000	2
hs11	64014526	64015686	2
hs11	64067830	64072242	2
hs11	65336691	65337884	2
hs11	65337948	65339359	2
hs12	124457762	124800570	2
hs12	132568828	132610885	2
hs14	103550547	103556364	2
hs14	105452616	105460928	2
hs14	105560484	105565833	2
hs16	70695107	70719956	2
hs16	85170756	85183049	2
hs16	88227887	88228823	2
hs20	61640735	61716423	2
hs21	42600000	48129895	2
hs22	19833669	19842397	2
hs22	30681106	30685494	2
hs22	43608680	43609667	2
hs22	43671948	43679832	2
hs22	48885365	49147744	2
hs3	46761073	46777917	2
hs3	46783581	46786245	2
hs3	125800000	129200000	2
hs3	195415369	195438746	2
hs3	195563326	195587275	2
hs5	473351	481006	2
hs8	144063448	144099807	2
hs9	136379708	136390081	2
hs9	136890603	136896709	2
hs9	139979398	139981269	2
hs11	130800000	135006516	2
hs13	114567150	114569805	2
hs17	73772515	73775860	2
hs17	75300000	81195210	2
hs17	79002933	79008519	2
hs17	79139307	79156966	2
hs17	79885705	79888629	2
hs17	80247922	80250690	2
hs20	48697661	48770260	2
hs20	48734791	48770260	2
hs20	48884023	48896332	2
hs20	62258588	62260061	2
hs20	58400000	63025520	2
hs20	58400000	63025520	2
hs20	58400000	63025520	2
hs20	62665080	62670354	2
hs21	44777935	44782229	2
hs21	45870869	45875167	2
hs21	46707967	46717269	2
