hs9	126131058	126142605	2
hs9	126162375	126692405	2
hs9	127243515	127269678	2
hs9	133028039	133309510	2
hs9	133320348	133376661	2
hs9	133589268	133763062	2
hs9	133768095	133772199	2
hs9	133777825	133814455	2
hs9	137271141	137332432	2
hs9	137271257	137271318	2
hs9	138555168	138557755	2
hs9	138585255	138591327	2
hs9	138594031	138687348	2
hs9	138898383	138987135	2
hs9	139088096	139093520	2
hs9	139098183	139137658	2
hs9	139141819	139166855	2
hs9	139216998	139221779	2
hs9	139247509	139254057	2
hs9	139253935	139258196	2
hs9	139258408	139268121	2
hs9	139270021	139292889	2
hs9	139305025	139318213	2
hs9	139323073	139334297	2
hs9	139334557	139377492	2
hs9	139377462	139380519	2
hs9	139388885	139440500	2
hs9	139414020	139414078	2
hs9	139440625	139440711	2
hs9	139442294	139444196	2
hs9	139506480	139511633	2
hs9	139543062	139554873	2
hs9	139560220	139567130	2
hs9	139565054	139565138	2
hs9	139567595	139581909	2
hs9	139619684	139622636	2
hs9	139620556	139620689	2
hs9	139621199	139621331	2
hs9	139632625	139637392	2
hs9	139638470	139642977	2
hs9	139640613	139644363	2
hs9	139641345	139641422	2
hs9	139648840	139652731	2
hs9	139654086	139658970	2
hs9	139685796	139687769	2
hs9	139690790	139702193	2
hs9	139698379	139703300	2
hs9	139702400	139728928	2
hs9	139725409	139725475	2
hs9	139743861	139745476	2
hs9	139746798	139755251	2
hs9	139756571	139760760	2
hs9	139780968	139821059	2
hs9	139781185	139781255	2
hs9	139834887	139839190	2
hs9	139839695	139841427	2
hs9	139846725	139849949	2
hs9	139871956	139876194	2
hs9	139877445	139880210	2
hs9	139889060	139891020	2
hs9	139901686	139923374	2
hs9	139921916	139931234	2
hs9	139924626	139926540	2
hs9	139933915	139940629	2
hs9	139942559	139948513	2
hs9	139956579	139965009	2
hs9	139971969	139978990	2
hs9	139981437	140003635	2
hs9	140004998	140009185	2
hs9	140033606	140063208	2
hs9	140063210	140064503	2
hs9	140063638	140063722	2
hs9	140065310	140066508	2
hs9	140069236	140083012	2
hs9	140083128	140084817	2
hs9	140086071	140095193	2
hs9	140098535	140100100	2
hs9	140100152	140113813	2
hs9	140114699	140115775	2
hs9	140119626	140120767	2
hs9	140121954	140124092	2
hs9	140125385	140131006	2
hs9	140135739	140138159	2
hs9	140138052	140142203	2
hs9	140144671	140147949	2
hs9	140145738	140147935	2
hs9	140149779	140167993	2
hs9	140172178	140177093	2
hs9	140194083	140196723	2
hs9	140260597	140317614	2
hs9	140317845	140328858	2
hs9	140328816	140335809	2
hs9	140342023	140353786	2
hs9	140344478	140344538	2
hs9	140354404	140444854	2
hs9	139006435	139010721	2
hs9	139296374	139305066	2
hs9	139607024	139619194	2
hs9	139736930	139741797	2
hs9	139886874	139888428	2
hs9	139979398	139981269	2
hs8	4517689	4517708	2
hs8	21882354	21894408	2
hs8	21900264	21906319	2
hs8	21916591	21940036	2
hs8	21946661	21961891	2
hs8	21964389	21966932	2
hs8	21971932	21988565	2
hs8	21995533	21999420	2
hs8	22004343	22014319	2
hs8	22019311	22021991	2
hs8	22022885	22058995	2
hs8	22423242	22433301	2
hs8	22436254	22451810	2
hs8	22457112	22461655	2
hs8	142443929	142517330	2
hs8	142867603	142867674	2
hs8	143257700	143257779	2
hs8	143279717	143290364	2
hs8	143293441	143484543	2
hs8	143531010	143626368	2
hs8	143808641	143818345	2
hs8	143822367	143823824	2
hs8	143831568	143833950	2
hs8	143852615	143857947	2
hs8	143866298	143867955	2
hs8	144295093	144299044	2
hs8	144329109	144335761	2
hs8	144349615	144359101	2
hs8	144362325	144363870	2
hs8	144373587	144382120	2
hs8	144391497	144417050	2
hs8	144448793	144450805	2
hs8	144451046	144466391	2
hs8	144499849	144501320	2
hs8	144510234	144512902	2
hs8	144519829	144623617	2
hs8	144635557	144645231	2
hs8	144648363	144654942	2
hs8	144656955	144660500	2
hs8	144661864	144679585	2
hs8	144680001	144685394	2
hs8	144731954	144735900	2
hs8	144766649	144777555	2
hs8	144788864	144790279	2
hs8	144790221	144796068	2
hs8	144798519	144804628	2
hs8	144806103	144815949	2
hs8	144815253	144815323	2
hs8	144840663	144842678	2
hs8	144873095	144897943	2
hs8	144895127	144895212	2
hs8	144898514	144911211	2
hs8	144915753	144923145	2
hs8	144919928	144919988	2
hs8	144939498	144952635	2
hs8	144989321	145013765	2
hs8	145019359	145019447	2
hs8	145086448	145102015	2
hs8	145106167	145115595	2
hs8	145112224	145112283	2
hs8	145133575	145135551	2
hs8	145134777	145134845	2
hs8	145202919	145316829	2
hs8	145321356	145323383	2
hs8	145486001	145515120	2
hs8	145486629	145486693	2
hs8	145515286	145538383	2
hs8	145538247	145550515	2
hs8	145540909	145540978	2
hs8	145554228	145560144	2
hs8	145576888	145578591	2
hs8	145579091	145582132	2
hs8	145582273	145584932	2
hs8	145592596	145596648	2
hs8	145597736	145618453	2
hs8	145618446	145634719	2
hs8	145619364	145619445	2
hs8	145625671	145625739	2
hs8	145637798	145638969	2
hs8	145648984	145653946	2
hs8	145654158	145669823	2
hs8	145660551	145665276	2
hs8	145660934	145661002	2
hs8	145675314	145690875	2
hs8	145691720	145699585	2
hs8	145698795	145701232	2
hs8	145703734	145727504	2
hs8	144779285	144780583	2
hs8	139900000	146364022	2
hs8	144685380	144691745	2
hs8	144694788	144699719	2
hs7	144445	149438	2
hs7	149718	155461	2
hs7	174920	176013	2
hs7	192571	300738	2
hs7	419391	422845	2
hs7	536896	559481	2
hs7	560028	564869	2
hs7	588834	752844	2
hs7	856280	914571	2
hs7	916191	936073	2
hs7	937537	995043	2
hs7	1004488	1015185	2
hs7	1022817	1029276	2
hs7	1036642	1068005	2
hs7	1062569	1062662	2
hs7	1095006	1098897	2
hs7	1272508	1276962	2
hs7	1473995	1499106	2
hs7	1509913	1544025	2
hs7	1570338	1582679	2
hs7	1581871	1595841	2
hs7	1855431	2272580	2
hs7	1883816	1883889	2
hs7	2514772	2516017	2
hs7	2598613	2647189	2
hs7	2671620	2704436	2
hs7	4721926	4811073	2
hs7	4815254	4834028	2
hs7	4828196	4828270	2
hs7	4836686	4923347	2
hs7	44240577	44253893	2
hs7	44256754	44365193	2
hs7	150646517	150652892	2
hs7	150690870	150701028	2
hs7	150712239	150721586	2
hs7	150725537	150744869	2
hs7	150745379	150749843	2
hs7	150750902	150754984	2
hs7	150759634	150773614	2
hs7	150773708	150777970	2
hs7	150778172	150780106	2
hs7	150782954	150841521	2
hs7	331195	334388	2
hs7	601595	605256	2
hs7	642482	648139	2
hs6	33986420	34113914	2
hs6	168418553	168445769	2
hs6	168456464	168482237	2
hs5	987292	997455	2
hs5	1008917	1039058	2
hs5	1050499	1112178	2
hs5	1063011	1063089	2
hs5	1173211	1178720	2
hs5	1201710	1225226	2
hs5	1225496	1246304	2
hs5	1253263	1295183	2
hs5	1877541	1887293	2
hs5	176237560	176307899	2
hs5	176853677	176869892	2
hs5	176864890	176874945	2
hs5	176873815	176883287	2
hs5	176883611	176900635	2
hs5	176910395	176924605	2
hs5	178577676	178772462	2
hs5	180017105	180018499	2
hs5	180028506	180076600	2
hs5	1856084	1856682	2
hs4	646966	664571	2
hs4	668331	675817	2
hs4	699621	764768	2
hs4	773937	775636	2
hs4	778745	819917	2
hs4	843065	926104	2
hs4	926175	952443	2
hs4	952675	967357	2
hs4	972861	987192	2
hs4	980832	998352	2
hs4	1283679	1333925	2
hs4	1340996	1381837	2
hs4	1396720	1400230	2
hs4	1694458	1714046	2
hs4	1717679	1723084	2
hs4	1723248	1746897	2
hs4	1795039	1810599	2
hs4	1813206	1857883	2
hs4	2043722	2045691	2
hs4	2061054	2070816	2
hs4	3371925	3441640	2
hs4	3443695	3451213	2
hs4	3465033	3496209	2
hs4	3505339	3534149	2
hs4	3578596	3592712	2
hs4	3768112	3770253	2
hs4	3943487	3957155	2
hs4	4190454	4228656	2
hs4	8847802	8873565	2
hs4	0	4500000	2
hs4	675618	682940	2
hs4	0	4500000	2
hs4	3675320	3679582	2
hs3	48555117	48594236	2
hs3	48587394	48587454	2
hs3	48599151	48601214	2
hs3	48601506	48632762	2
hs3	48616335	48616410	2
hs3	48636435	48647079	2
hs3	48642353	48642583	2
hs3	48658192	48659202	2
hs3	48663156	48672894	2
hs3	48671069	48671131	2
hs3	48673896	48700319	2
hs3	48681627	48681713	2
hs3	50126352	50156454	2
hs3	50153455	50193518	2
hs3	50192491	50226508	2
hs3	50229043	50235129	2
hs3	50242704	50258917	2
hs3	50264868	50264922	2
hs3	50284342	50296794	2
hs3	50304073	50304803	2
hs3	50310550	50314602	2
hs3	50310667	50310728	2
hs3	50316518	50325545	2
hs3	50325163	50329860	2
hs3	50330263	50336836	2
hs3	50337320	50349812	2
hs3	50355221	50360281	2
hs3	50362340	50365669	2
hs3	50367219	50375683	2
hs3	50374942	50375727	2
hs3	50378544	50383163	2
hs3	50384786	50388206	2
hs3	50388293	50391496	2
hs3	50392181	50396952	2
hs3	50400044	50541675	2
hs3	52489620	52515926	2
hs3	52529354	52558511	2
hs3	126423083	126679263	2
hs3	126707437	126756235	2
hs3	127872324	128127489	2
hs3	128181280	128186091	2
hs3	128182437	128191160	2
hs3	129158879	129239350	2
hs3	129247482	129254187	2
hs3	129274057	129325519	2
hs3	195295576	195310811	2
hs3	195373567	195379030	2
hs3	195384910	195415735	2
hs3	195426272	195426368	2
hs3	195447753	195460424	2
hs3	195473642	195538800	2
hs3	195590235	195619655	2
hs3	44200000	50600000	2
hs3	50333833	50336836	2
hs3	129267228	129270310	2
hs3	125800000	129200000	2
hs3	195415369	195438746	2
hs3	195563326	195587275	2
hs22	20067755	20099401	2
hs22	20099398	20104749	2
hs22	20102209	20102274	2
hs22	20105268	20114878	2
hs22	20119327	20135530	2
hs22	20135939	20138578	2
hs22	20186252	20192441	2
hs22	20193855	20196060	2
hs22	20228938	20255841	2
hs22	20236657	20236734	2
hs22	20301761	20307583	2
hs22	46316246	46373042	2
hs22	46402496	46406657	2
hs22	46435787	46440748	2
hs22	46444411	46450105	2
hs22	46449726	46454402	2
hs22	46481877	46509808	2
hs22	46486924	46487006	2
hs22	46508629	46508702	2
hs22	46509446	46509537	2
hs22	46509566	46509648	2
hs22	48934712	48943199	2
hs22	50293877	50312086	2
hs22	50312282	50321185	2
hs22	50354420	50357720	2
hs22	50356514	50356587	2
hs22	50430240	50451194	2
hs22	50497820	50523855	2
hs22	50528685	50600116	2
hs22	50609160	50618724	2
hs22	50624342	50638023	2
hs22	50656123	50683452	2
hs22	50683613	50689694	2
hs22	50691330	50700112	2
hs22	50702142	50708809	2
hs22	50713408	50746075	2
hs22	20326436	20706786	2
hs22	50639440	50656045	2
hs22	48885365	49147744	2
hs21	45494205	45526432	2
hs21	45527280	45551063	2
hs21	45642878	45660826	2
hs21	45666222	45681780	2
hs21	45705759	45718531	2
hs21	46359912	46396904	2
hs21	46409779	46414001	2
hs21	46827301	46829980	2
hs21	46839631	46844985	2
hs21	46875436	46933634	2
hs21	46898180	46898240	2
hs21	46932479	46962354	2
hs21	45553565	45561297	2
hs21	45670696	45671404	2
hs20	60174817	60515673	2
hs20	60528602	60528718	2
hs20	60549854	60640866	2
hs20	60639858	60639941	2
hs20	60697531	60710428	2
hs20	60711789	60718450	2
hs20	60718825	60757570	2
hs20	60758084	60778624	2
hs20	60790016	60795334	2
hs20	60813577	60871239	2
hs20	60877952	60883918	2
hs20	60884121	60942368	2
hs20	60907543	60907613	2
hs20	60928066	60931534	2
hs20	60962159	60963576	2
hs20	60963686	60982339	2
hs20	60985293	61002595	2
hs20	61038553	61051051	2
hs20	61147660	61167971	2
hs20	61151513	61151583	2
hs20	61162119	61162220	2
hs20	61273855	61303645	2
hs20	61294379	61297973	2
hs20	61340188	61394123	2
hs20	61569499	61579827	2
hs20	61584061	61600937	2
hs20	61637279	61638316	2
hs20	61665569	61668380	2
hs20	61669363	61685215	2
hs20	61726845	61733671	2
hs20	61732644	61735738	2
hs20	61809852	61809938	2
hs20	61826782	61847483	2
hs20	61867257	61871847	2
hs20	61870131	61870194	2
hs20	61872136	61884847	2
hs20	61885330	61892967	2
hs20	61915664	61921142	2
hs20	61918160	61918218	2
hs20	61924538	61966203	2
hs20	61974575	61992701	2
hs20	61991340	62002529	2
hs20	62031561	62104008	2
hs20	62119367	62130436	2
hs20	62152094	62153524	2
hs20	62159776	62168723	2
hs20	62171277	62178857	2
hs20	62184373	62188060	2
hs20	62189439	62199107	2
hs20	62218958	62258454	2
hs20	62271058	62284963	2
hs20	62289163	62330051	2
hs20	62289665	62327598	2
hs20	62328005	62330035	2
hs20	62330000	62339328	2
hs20	62339391	62367494	2
hs20	62368016	62370456	2
hs20	62371129	62375403	2
hs20	62375023	62436856	2
hs20	62439429	62454360	2
hs20	62492851	62494341	2
hs20	62496623	62522890	2
hs20	62526479	62567363	2
hs20	62550914	62550985	2
hs20	62551026	62551124	2
hs20	62551109	62551180	2
hs20	62551221	62551292	2
hs20	62571182	62587769	2
hs20	62572818	62572897	2
hs20	62573984	62574079	2
hs20	62584737	62588338	2
hs20	62588057	62601283	2
hs20	62605469	62610995	2
hs20	62612485	62664453	2
hs20	62678935	62680992	2
hs20	62688325	62703700	2
hs20	62704535	62711317	2
hs20	62708308	62708363	2
hs20	62711435	62731986	2
hs20	62714733	62715712	2
hs20	62735155	62738918	2
hs20	62795805	62873606	2
hs20	62887048	62907579	2
hs20	62921738	62934707	2
hs20	60753213	61148768	2
hs20	61640735	61716423	2
hs20	62258588	62260061	2
hs20	58400000	63025520	2
hs20	58400000	63025520	2
hs20	58400000	63025520	2
hs20	62665080	62670354	2
hs2	127805608	127864730	2
hs2	128293378	128395303	2
hs2	128395996	128439360	2
hs2	220283099	220291456	2
hs2	220325534	220331584	2
hs2	220363613	220371711	2
hs2	220379204	220403494	2
hs2	220403669	220407819	2
hs2	232826423	233209060	2
hs2	233243461	233247599	2
hs2	233250460	233251754	2
hs2	233320863	233325463	2
hs2	233344537	233352544	2
hs2	238875587	239008054	2
hs2	238969642	239008054	2
hs2	239036031	239041928	2
hs2	239047309	239061586	2
hs2	239969864	240322714	2
hs2	239990513	239990610	2
hs2	240007523	240007622	2
hs2	241418839	241500481	2
hs2	241499471	241503431	2
hs2	241507901	241520789	2
hs2	241526151	241538521	2
hs2	241544847	241570670	2
hs2	241615835	241622302	2
hs2	241631283	241637900	2
hs2	241653184	241759636	2
hs2	241808241	241819917	2
hs2	242089073	242123065	2
hs2	242128092	242135580	2
hs2	220361077	220363009	2
hs2	231000000	235600000	2
hs2	241522167	241525733	2
hs2	241825465	241835573	2
hs2	241894036	241906868	2
hs19	361747	376026	2
hs19	405445	409147	2
hs19	416583	460996	2
hs19	463361	474983	2
hs19	496486	505343	2
hs19	507497	519654	2
hs19	531760	542087	2
hs19	544053	549922	2
hs19	572596	583493	2
hs19	589881	617159	2
hs19	617221	633537	2
hs19	639879	644373	2
hs19	647526	663214	2
hs19	676392	683385	2
hs19	685546	695452	2
hs19	708935	748329	2
hs19	751112	764318	2
hs19	797452	812312	2
hs19	804940	805001	2
hs19	812488	821952	2
hs19	813584	813653	2
hs19	827837	832018	2
hs19	840999	848175	2
hs19	852303	856243	2
hs19	859664	863641	2
hs19	867963	893187	2
hs19	896503	913219	2
hs19	917333	921005	2
hs19	926035	975937	2
hs19	984345	994556	2
hs19	1000418	1009731	2
hs19	1009652	1021122	2
hs19	1026607	1039064	2
hs19	1040106	1065570	2
hs19	1071209	1087830	2
hs19	1086578	1095391	2
hs19	1104649	1106778	2
hs19	1107637	1132220	2
hs19	1205777	1228430	2
hs19	1228286	1238004	2
hs19	1248552	1259142	2
hs19	1267470	1270259	2
hs19	1269267	1273171	2
hs19	1285872	1301429	2
hs19	1383906	1395583	2
hs19	1397025	1401541	2
hs19	1407585	1435682	2
hs19	1438395	1440494	2
hs19	1452983	1473243	2
hs19	1473200	1479214	2
hs19	1481427	1490449	2
hs19	1491180	1497926	2
hs19	1505021	1513018	2
hs19	1524076	1536045	2
hs19	1554668	1568057	2
hs19	1573595	1592864	2
hs19	1597168	1605461	2
hs19	1609291	1652614	2
hs19	1753505	1780974	2
hs19	1782074	1812275	2
hs19	1815247	1848482	2
hs19	1816158	1816237	2
hs19	1822088	1824544	2
hs19	1852398	1863578	2
hs19	1876809	1885495	2
hs19	1905398	1913446	2
hs19	1905398	1926012	2
hs19	1941171	1981336	2
hs19	1952526	1954548	2
hs19	1985447	2015713	2
hs19	2037470	2051243	2
hs19	2071035	2096325	2
hs19	2096914	2099589	2
hs19	2100987	2151565	2
hs19	2163932	2232577	2
hs19	2229951	2236328	2
hs19	2234061	2234148	2
hs19	2235828	2235925	2
hs19	2236823	2248654	2
hs19	2249322	2252072	2
hs19	2250638	2250717	2
hs19	2252251	2256416	2
hs19	2269485	2273487	2
hs19	2289783	2308153	2
hs19	2321520	2328585	2
hs19	2328683	2355093	2
hs19	3490822	3500672	2
hs19	3522954	3536755	2
hs19	3539155	3544028	2
hs19	3544197	3557584	2
hs19	3572942	3579081	2
hs19	3585476	3593539	2
hs19	3594505	3606873	2
hs19	3607245	3613928	2
hs19	3610643	3626813	2
hs19	3630181	3700466	2
hs19	7895104	7929862	2
hs19	7933605	7939275	2
hs19	7943516	7945117	2
hs19	7953390	7966908	2
hs19	7968762	7979363	2
hs19	7979715	7983982	2
hs19	42364325	42376993	2
hs19	42373697	42373768	2
hs19	42381349	42385439	2
hs19	42388510	42411604	2
hs19	42432972	42434288	2
hs19	42460836	42463473	2
hs19	42470734	42498382	2
hs19	50412231	50432761	2
hs19	1021521	1021626	2
hs19	1021521	1021627	2
hs19	1021521	1021626	2
hs19	1354958	1378428	2
hs19	2274630	2282174	2
hs19	1275529	1279227	2
hs18	13824148	13827322	2
hs18	13882043	13915535	2
hs18	14071120	14132434	2
hs18	14179096	14227049	2
hs18	14337422	14342523	2
hs18	14477951	14498705	2
hs18	14507349	14543599	2
hs18	14748171	14854258	2
hs18	14830165	14830241	2
hs18	14946266	14973755	2
hs18	14969606	14970467	2
hs18	15313555	15325918	2
hs18	18526867	18691774	2
hs18	77155930	77289323	2
hs17	17584772	17714765	2
hs17	17662468	17669616	2
hs17	17680000	17682843	2
hs17	17714648	17726944	2
hs17	17716794	17716859	2
hs17	17717150	17717245	2
hs17	48585800	48608862	2
hs17	48610096	48621111	2
hs17	48614655	48616115	2
hs17	48624450	48633213	2
hs17	48633568	48639469	2
hs17	48638076	48704832	2
hs17	73472618	73496533	2
hs17	73494629	73494709	2
hs17	73496342	73505971	2
hs17	73512609	73520816	2
hs17	73521778	73571290	2
hs17	73584139	73622927	2
hs17	77070906	77084681	2
hs17	77085427	77478680	2
hs17	78518638	78940168	2
hs17	78965641	78973933	2
hs17	79008951	79091234	2
hs17	79091096	79105748	2
hs17	79099076	79099173	2
hs17	79099677	79099755	2
hs17	79099683	79099749	2
hs17	79106996	79107108	2
hs17	79163396	79196765	2
hs17	79202077	79212855	2
hs17	79202507	79206009	2
hs17	79213714	79215098	2
hs17	79224671	79269107	2
hs17	79276624	79283048	2
hs17	79285065	79304474	2
hs17	79349238	79358925	2
hs17	79369257	79433357	2
hs17	79374516	79374578	2
hs17	79418130	79418214	2
hs17	79476997	79479825	2
hs17	79495403	79504156	2
hs17	79506917	79519379	2
hs17	79523913	79533628	2
hs17	79609331	79615785	2
hs17	79617489	79623572	2
hs17	79632066	79633635	2
hs17	79633767	79640927	2
hs17	79648195	79650954	2
hs17	79651041	79669151	2
hs17	79660787	79660899	2
hs17	79670397	79674547	2
hs17	79679266	79688046	2
hs17	79762026	79771884	2
hs17	79780237	79791167	2
hs17	79791368	79792926	2
hs17	79801042	79818411	2
hs17	79825597	79829213	2
hs17	79845711	79849463	2
hs17	79849589	79858409	2
hs17	79858834	79869275	2
hs17	79860114	79860781	2
hs17	79869815	79876052	2
hs17	79876146	79885611	2
hs17	79890267	79895176	2
hs17	79897521	79905109	2
hs17	79910383	79919063	2
hs17	79935505	79975282	2
hs17	79976579	79980754	2
hs17	79981181	79989027	2
hs17	79989554	79992080	2
hs17	79993734	79995573	2
hs17	80005778	80009687	2
hs17	80009774	80015940	2
hs17	80015382	80023680	2
hs17	80036214	80056112	2
hs17	80047836	80048016	2
hs17	80059346	80170718	2
hs17	80193650	80197375	2
hs17	80194544	80194604	2
hs17	80200537	80231626	2
hs17	80272749	80275484	2
hs17	80278900	80291642	2
hs17	80317123	80321651	2
hs17	80329641	80335334	2
hs17	79002933	79008519	2
hs17	79139307	79156966	2
hs17	79885705	79888629	2
hs17	80247922	80250690	2
hs16	416969	420538	2
hs16	432241	442960	2
hs16	447199	450754	2
hs16	451885	462482	2
hs16	524924	573011	2
hs16	576847	577407	2
hs16	577712	604636	2
hs16	585316	585368	2
hs16	593277	593366	2
hs16	610394	615529	2
hs16	617005	619495	2
hs16	619968	634138	2
hs16	639669	679273	2
hs16	680985	684117	2
hs16	684430	686305	2
hs16	691828	698474	2
hs16	698458	699313	2
hs16	699365	717830	2
hs16	718132	724171	2
hs16	726064	728268	2
hs16	730410	732801	2
hs16	731670	734334	2
hs16	734622	740398	2
hs16	742500	755801	2
hs16	765118	769655	2
hs16	772582	776443	2
hs16	777106	779715	2
hs16	903636	1031613	2
hs16	1031770	1036979	2
hs16	1114081	1128731	2
hs16	1128826	1131454	2
hs16	1138226	1146244	2
hs16	1203241	1271772	2
hs16	1271651	1275268	2
hs16	1278336	1280185	2
hs16	1290706	1292555	2
hs16	1359153	1377018	2
hs16	1383646	1399440	2
hs16	1399241	1401879	2
hs16	1413206	1429653	2
hs16	1469753	1470748	2
hs16	1484389	1494490	2
hs16	1494934	1525085	2
hs16	1535887	1538945	2
hs16	1543361	1560455	2
hs16	1560428	1662073	2
hs16	1578679	1605569	2
hs16	1630528	1660329	2
hs16	1662361	1727909	2
hs16	1756196	1820318	2
hs16	1784986	1785067	2
hs16	1820321	1821710	2
hs16	1821896	1823135	2
hs16	1823229	1826239	2
hs16	1826739	1831823	2
hs16	1832961	1839187	2
hs16	1840414	1844909	2
hs16	1857631	1876826	2
hs16	1877225	1890203	2
hs16	1883987	1922165	2
hs16	1928286	1934232	2
hs16	1961476	1968416	2
hs16	1988230	1993200	2
hs16	1993975	2004690	2
hs16	2009539	2011976	2
hs16	2012059	2014827	2
hs16	2012335	2012467	2
hs16	2012974	2013107	2
hs16	2014997	2015505	2
hs16	2015185	2015311	2
hs16	2016857	2018950	2
hs16	2022054	2032920	2
hs16	2028918	2031470	2
hs16	2034194	2037750	2
hs16	2039971	2044276	2
hs16	2047655	2059822	2
hs16	2069786	2070756	2
hs16	2083295	2089027	2
hs16	2089821	2097835	2
hs16	2097986	2139491	2
hs16	2138709	2185899	2
hs16	2140196	2140285	2
hs16	2141437	2145018	2
hs16	2183120	2183205	2
hs16	2185978	2186130	2
hs16	2198145	2204162	2
hs16	2204783	2205359	2
hs16	2205024	2205106	2
hs16	2205783	2228130	2
hs16	2227181	2246606	2
hs16	2255455	2259454	2
hs16	2259254	2261069	2
hs16	2261597	2264841	2
hs16	2273489	2285743	2
hs16	2286445	2288712	2
hs16	2289404	2301588	2
hs16	2303121	2318127	2
hs16	2318664	2323073	2
hs16	2320714	2320773	2
hs16	2321748	2321841	2
hs16	2324621	2324692	2
hs16	2325882	2390729	2
hs16	2479448	2508855	2
hs16	2495393	2495458	2
hs16	2513968	2514039	2
hs16	2514951	2518214	2
hs16	2521298	2524146	2
hs16	2525128	2555729	2
hs16	2563953	2570219	2
hs16	2570372	2581418	2
hs16	2580036	2581409	2
hs16	2581923	2582006	2
hs16	2588022	2653189	2
hs16	2653385	2680495	2
hs16	2688983	2696130	2
hs16	2708390	2723440	2
hs16	2732524	2759031	2
hs16	2762423	2770225	2
hs16	2787077	2794798	2
hs16	2802639	2821413	2
hs16	2833954	2837561	2
hs16	2848471	2855305	2
hs16	2867238	2871718	2
hs16	2880173	2882285	2
hs16	2889574	2892752	2
hs16	2902731	2908171	2
hs16	2933196	2949383	2
hs16	2961980	3001209	2
hs16	3014276	3018381	2
hs16	3019349	3023485	2
hs16	3022809	3030447	2
hs16	3039055	3044510	2
hs16	3048956	3050814	2
hs16	3062924	3064506	2
hs16	3064713	3068184	2
hs16	3070369	3072383	2
hs16	3072621	3074287	2
hs16	3074036	3077751	2
hs16	3077683	3085542	2
hs16	4606491	4650318	2
hs16	4658885	4664889	2
hs16	4674825	4740975	2
hs16	4721319	4721391	2
hs16	15227923	15228007	2
hs16	15227932	15228002	2
hs16	49407715	49433342	2
hs16	49521436	49698235	2
hs16	50300462	50344440	2
hs16	88449367	88507159	2
hs16	88519688	88603439	2
hs16	88535326	88535439	2
hs16	88636811	88698372	2
hs16	88704980	88706876	2
hs16	88709697	88717461	2
hs16	88718348	88729499	2
hs16	88729781	88741914	2
hs16	88744096	88752915	2
hs16	88762909	88772816	2
hs16	88772911	88781804	2
hs16	88781746	88851628	2
hs16	88782686	88782745	2
hs16	88797588	88807833	2
hs16	88809175	88812156	2
hs16	88870197	88875666	2
hs16	88875877	88878336	2
hs16	88880142	88923355	2
hs16	88923535	88929086	2
hs16	88929742	88936560	2
hs16	88941266	89007758	2
hs16	88949923	88953544	2
hs16	89005679	89020190	2
hs16	89160260	89222245	2
hs16	89225628	89230083	2
hs16	89238156	89261900	2
hs16	89574811	89604129	2
hs16	89627065	89633237	2
hs16	89627838	89627909	2
hs16	89642166	89663654	2
hs16	89687005	89704841	2
hs16	728518	729777	2
hs16	420789	431978	2
hs16	771146	772590	2
hs16	779765	790997	2
hs16	89232791	89235555	2
hs16	1728280	1752087	2
hs16	2510110	2514964	2
hs16	2821415	2827281	2
hs15	25415870	25415951	2
hs15	25417782	25417863	2
hs15	25420074	25420155	2
hs15	25421979	25422060	2
hs15	25425644	25425725	2
hs15	25427532	25427613	2
hs15	25429453	25429534	2
hs15	25436563	25436644	2
hs15	25436566	25436644	2
hs15	25438468	25438549	2
hs15	25440068	25440148	2
hs15	25444595	25444676	2
hs15	25449504	25449585	2
hs15	25449504	25449585	2
hs15	25451409	25451490	2
hs15	25455065	25455146	2
hs15	25456839	25457180	2
hs15	25456943	25457024	2
hs15	25458806	25458876	2
hs15	25460688	25460769	2
hs15	25463764	25463845	2
hs15	25492492	25492573	2
hs15	25492492	25492573	2
hs15	25492492	25492573	2
hs15	25494345	25494426	2
hs15	25494345	25494426	2
hs15	25494345	25494426	2
hs15	42066682	42120053	2
hs15	42120283	42140346	2
hs15	42120290	42129779	2
hs15	42131011	42140346	2
hs15	42140344	42186251	2
hs15	42158693	42158749	2
hs15	75041186	75048948	2
hs15	75074425	75095539	2
hs15	75081013	75081098	2
hs15	75105176	75118095	2
hs15	75118968	75124138	2
hs14	73997240	73997409	2
hs14	100437759	100610573	2
hs14	100575756	100575851	2
hs14	100575992	100576090	2
hs14	100610294	100625982	2
hs14	103243786	103377837	2
hs14	103389000	103397179	2
hs14	103566481	103576894	2
hs14	104552037	104581919	2
hs14	104583742	104583851	2
hs14	104583755	104583840	2
hs14	104605060	104647235	2
hs14	105144031	105144086	2
hs14	105155955	105188872	2
hs14	105219484	105225991	2
hs14	105235686	105262085	2
hs14	105331605	105363084	2
hs14	105391216	105399573	2
hs14	105403590	105436844	2
hs14	105515732	105531767	2
hs14	105607335	105635113	2
hs14	105617115	105617201	2
hs14	105641825	105647660	2
hs14	105675624	105781914	2
hs14	105781085	105864484	2
hs14	105864875	105880196	2
hs14	105883918	105886076	2
hs14	105886164	105937066	2
hs14	105941158	105946499	2
hs14	105953223	105955284	2
hs14	105993442	105996539	2
hs14	105998192	106000654	2
hs14	106106505	106106569	2
hs14	106135914	106139144	2
hs14	106324293	106324344	2
hs14	106325653	106325722	2
hs14	106383838	106398502	2
hs14	106435818	106438358	2
hs14	106744269	106744966	2
hs14	106938445	106951529	2
hs14	107259100	107259214	2
hs14	143079637	143079657	2
hs14	73800000	79300000	2
hs14	105957586	105965585	2
hs14	105196181	105213662	2
hs14	103550547	103556364	2
hs14	105560484	105565833	2
hs13	113621798	113622952	2
hs13	113656028	113754053	2
hs13	114747194	114898098	2
hs12	57522266	57607125	2
hs12	57588287	57588359	2
hs12	57610577	57620232	2
hs12	122150658	122219974	2
hs12	122215660	122231594	2
hs12	122233173	122240852	2
hs12	124773710	124800570	2
hs12	124808961	125052158	2
hs12	124821727	124821788	2
hs12	132195635	132284283	2
hs12	132312938	132336316	2
hs12	132379167	132407695	2
hs12	132621140	132628864	2
hs12	132629002	132637013	2
hs12	132680917	132906175	2
hs12	132851977	132857486	2
hs12	132906436	132908161	2
hs12	133066737	133161773	2
hs12	124457762	124800570	2
hs11	369499	382117	2
hs11	392596	404908	2
hs11	405716	417397	2
hs11	417938	442011	2
hs11	450279	491399	2
hs11	494515	506768	2
hs11	532242	535576	2
hs11	537527	554912	2
hs11	554850	560738	2
hs11	560970	564025	2
hs11	565657	568457	2
hs11	568089	568198	2
hs11	573808	575885	2
hs11	576470	612222	2
hs11	612555	615950	2
hs11	616565	624955	2
hs11	626309	627181	2
hs11	637269	640705	2
hs11	644220	695754	2
hs11	695816	704129	2
hs11	706231	727727	2
hs11	747464	765012	2
hs11	777578	784284	2
hs11	787115	790090	2
hs11	790475	796238	2
hs11	799184	805231	2
hs11	809967	812876	2
hs11	811681	811814	2
hs11	818914	825571	2
hs11	828260	831991	2
hs11	832952	838835	2
hs11	839721	842529	2
hs11	842941	867116	2
hs11	867859	910810	2
hs11	925870	1012240	2
hs11	1012823	1036718	2
hs11	1074875	1104416	2
hs11	1151580	1222364	2
hs11	1244296	1283402	2
hs11	1277835	1277900	2
hs11	1411164	1483919	2
hs11	1490687	1508009	2
hs11	1575281	1593501	2
hs11	1593971	1620414	2
hs11	1605572	1606513	2
hs11	1618407	1619524	2
hs11	1628795	1629693	2
hs11	1642188	1643368	2
hs11	1651033	1652159	2
hs11	1686829	1689086	2
hs11	1704500	1706859	2
hs11	1718425	1718985	2
hs11	1753636	1771825	2
hs11	1773985	1785157	2
hs11	2150347	2162173	2
hs11	2150347	2182439	2
hs11	2155364	2155439	2
hs11	2161742	2169896	2
hs11	2181009	2182439	2
hs11	2185159	2193045	2
hs11	2349979	2399222	2
hs11	2398540	2418627	2
hs11	2421980	2425106	2
hs11	2425746	2444275	2
hs11	46369013	46402101	2
hs11	46397952	46398034	2
hs11	63742092	63744015	2
hs11	63753325	63765892	2
hs11	63766030	63933585	2
hs11	63953643	63972015	2
hs11	63975178	63991363	2
hs11	63991288	63993658	2
hs11	63993746	63997488	2
hs11	63997753	64001753	2
hs11	64002056	64006736	2
hs11	64009588	64011607	2
hs11	64011951	64014415	2
hs11	64019002	64036924	2
hs11	64037302	64052137	2
hs11	64052315	64056966	2
hs11	64059194	64072241	2
hs11	64059195	64067503	2
hs11	64073699	64084212	2
hs11	64083932	64085031	2
hs11	64085593	64089283	2
hs11	64107676	64125006	2
hs11	64109321	64109376	2
hs11	64323413	64340347	2
hs11	64358692	64369816	2
hs11	64373646	64490669	2
hs11	64494383	64511614	2
hs11	64513861	64528187	2
hs11	64532078	64545233	2
hs11	64552390	64570686	2
hs11	64570986	64578188	2
hs11	64590524	64612125	2
hs11	64620199	64647185	2
hs11	64655930	64660921	2
hs11	64658609	64658718	2
hs11	64658827	64658911	2
hs11	64662018	64684681	2
hs11	64665835	64665909	2
hs11	65292554	65306175	2
hs11	65306030	65325699	2
hs11	65340009	65341661	2
hs11	65343509	65360121	2
hs11	65360307	65363271	2
hs11	65365228	65381692	2
hs11	65383783	65404910	2
hs11	67085310	67159158	2
hs11	67118236	67121067	2
hs11	67131639	67141648	2
hs11	67160776	67165883	2
hs11	67165654	67169329	2
hs11	67171401	67177560	2
hs11	67183149	67193075	2
hs11	67195965	67202872	2
hs11	76778018	76837198	2
hs11	76813886	76814377	2
hs11	76839292	76926286	2
hs11	133766336	133826863	2
hs11	133768399	133768476	2
hs11	767223	777487	2
hs11	0	2800000	2
hs11	1049880	1055764	2
hs11	64014526	64015686	2
hs11	64067830	64072242	2
hs11	65336691	65337884	2
hs11	65337948	65339359	2
hs11	130800000	135006516	2
hs10	88414314	88426216	2
hs10	88428268	88459807	2
hs10	126150392	126302710	2
hs10	126307861	126432947	2
hs10	133879450	133998362	2
hs10	134000452	134019263	2
hs10	134020986	134062612	2
hs10	134145697	134166900	2
hs10	134210704	134231358	2
hs10	134351291	134596984	2
hs10	134596685	134599651	2
hs10	134621896	134756074	2
hs10	134757471	134778793	2
hs10	134774844	134775741	2
hs10	134779038	134790001	2
hs10	134898753	134900201	2
hs10	134915750	134945179	2
hs10	134973723	134994344	2
hs10	135043721	135045062	2
hs10	135051359	135055432	2
hs10	135059983	135061389	2
hs10	135061015	135061124	2
hs10	135075927	135090372	2
hs10	135092134	135125841	2
hs10	135122418	135126665	2
hs10	135137576	135150400	2
hs10	135160877	135166187	2
hs10	135168662	135171523	2
hs10	134258693	134261810	2
hs1	11874	14409	2
hs1	14362	29370	2
hs1	69091	70008	2
hs1	134773	140566	2
hs1	367659	368597	2
hs1	562760	564389	2
hs1	661139	714014	2
hs1	752751	755214	2
hs1	761586	762902	2
hs1	762971	794826	2
hs1	803451	812182	2
hs1	852198	855072	2
hs1	861111	879954	2
hs1	879583	894636	2
hs1	895964	901099	2
hs1	901862	911245	2
hs1	910578	917473	2
hs1	934344	935477	2
hs1	948877	949919	2
hs1	955500	991494	2
hs1	1006347	1009686	2
hs1	1017203	1051469	2
hs1	1072397	1079434	2
hs1	1102484	1102578	2
hs1	1103243	1103332	2
hs1	1104385	1104467	2
hs1	1109260	1133315	2
hs1	1138888	1141972	2
hs1	1146720	1149533	2
hs1	1152311	1167381	2
hs1	1167617	1170420	2
hs1	1177833	1182102	2
hs1	1189292	1209234	2
hs1	1215816	1227405	2
hs1	1227771	1243310	2
hs1	1231490	1231550	2
hs1	1243960	1247057	2
hs1	1246965	1260067	2
hs1	1247882	1247946	2
hs1	1260182	1264276	2
hs1	2159758	2241652	2
hs1	3371229	3397677	2
hs1	3404515	3528072	2
hs1	3477260	3477354	2
hs1	6475294	6479979	2
hs1	6484836	6521004	2
hs1	6489894	6489956	2
hs1	6521214	6526255	2
hs1	6526152	6546014	2
hs1	10535007	10690815	2
hs1	10707268	10856703	2
hs1	32095463	32110218	2
hs1	32117865	32169618	2
hs1	32192718	32229941	2
hs1	32224261	32224336	2
hs1	43996531	44089343	2
hs1	44115820	44171189	2
hs1	200708700	200829831	2
hs1	200842109	200843306	2
hs1	200938518	200992842	2
hs1	201008640	201081554	2
hs1	201083081	201084500	2
hs1	201103899	201123683	2
hs1	201159952	201198080	2
hs1	201252634	201302117	2
hs1	201328142	201346808	2
hs1	201349961	201368452	2
hs1	201372912	201390858	2
hs1	228106357	228135633	2
hs1	228129291	228129384	2
hs1	228194699	228248972	2
hs1	228270361	228286913	2
hs1	228284964	228285042	2
hs1	228288432	228291026	2
hs1	228294380	228297013	2
hs1	228327929	228336655	2
hs1	228337631	228347527	2
hs1	228362271	228369958	2
hs1	228395831	228566575	2
hs1	228581377	228594536	2
hs1	228584749	228584810	2
hs1	0	2300000	2
hs1	0	2300000	2
hs1	0	2300000	2
hs1	0	2300000	2
hs1	0	2300000	2
hs1	0	2300000	2
hs1	0	2300000	2
hs1	0	2300000	2
hs1	0	2300000	2
hs1	0	2300000	2
hs1	0	2300000	2
hs1	0	2300000	2
hs1	0	2300000	2
hs1	0	2300000	2
hs1	22959751	22959859	2
hs1	200864028	200884870	2
hs1	228351787	228352549	2
hs1	228391207	228401356	2
