hs1	11874	14409	-2
hs1	14362	29370	-2
hs1	69091	70008	-2
hs11	127134	139117	-2
hs1	134773	140566	-2
hs7	144445	149438	-2
hs7	149718	155461	-2
hs7	174920	176013	-2
hs7	192571	300738	-2
hs11	193078	194575	-2
hs11	196761	200258	-2
hs11	202924	207422	-2
hs11	207511	215175	-2
hs11	209336	209406	-2
hs11	215030	236362	-2
hs11	236976	252984	-2
hs11	278407	285388	-2
hs11	289126	296107	-2
hs11	298201	299526	-2
hs11	308107	309410	-2
hs11	314040	315272	-2
hs11	319676	320860	-2
hs16	337440	402723	-2
hs19	361747	376026	-2
hs1	367659	368597	-2
hs11	369499	382117	-2
hs11	392596	404908	-2
hs19	405445	409147	-2
hs11	405716	417397	-2
hs19	416583	460996	-2
hs16	416969	420538	-2
hs11	417938	442011	-2
hs7	419391	422845	-2
hs16	432241	442960	-2
hs16	447199	450754	-2
hs11	450279	491399	-2
hs16	451885	462482	-2
hs19	463361	474983	-2
hs11	494515	506768	-2
hs19	496486	505343	-2
hs19	507497	519654	-2
hs16	524924	573011	-2
hs19	531760	542087	-2
hs11	532242	535576	-2
hs7	536896	559481	-2
hs11	537527	554912	-2
hs19	544053	549922	-2
hs11	554850	560738	-2
hs7	560028	564869	-2
hs11	560970	564025	-2
hs1	562760	564389	-2
hs11	565657	568457	-2
hs11	568089	568198	-2
hs19	572596	583493	-2
hs11	573808	575885	-2
hs11	576470	612222	-2
hs16	576847	577407	-2
hs16	577712	604636	-2
hs16	585316	585368	-2
hs7	588834	752844	-2
hs19	589881	617159	-2
hs16	593277	593366	-2
hs16	610394	615529	-2
hs11	612555	615950	-2
hs11	616565	624955	-2
hs16	617005	619495	-2
hs19	617221	633537	-2
hs16	619968	634138	-2
hs11	626309	627181	-2
hs11	637269	640705	-2
hs16	639669	679273	-2
hs19	639879	644373	-2
hs11	644220	695754	-2
hs19	647526	663214	-2
hs1	661139	714014	-2
hs19	676392	683385	-2
hs16	680985	684117	-2
hs16	684430	686305	-2
hs19	685546	695452	-2
hs16	691828	698474	-2
hs11	695816	704129	-2
hs16	698458	699313	-2
hs16	699365	717830	-2
hs11	706231	727727	-2
hs19	708935	748329	-2
hs16	718132	724171	-2
hs16	726064	728268	-2
hs16	730410	732801	-2
hs16	731670	734334	-2
hs16	734622	740398	-2
hs16	742500	755801	-2
hs11	747464	765012	-2
hs19	751112	764318	-2
hs1	752751	755214	-2
hs1	761586	762902	-2
hs1	762971	794826	-2
hs16	765118	769655	-2
hs16	772582	776443	-2
hs16	777106	779715	-2
hs11	777578	784284	-2
hs11	787115	790090	-2
hs11	790475	796238	-2
hs19	797452	812312	-2
hs11	799184	805231	-2
hs1	803451	812182	-2
hs19	804940	805001	-2
hs11	809967	812876	-2
hs16	811073	818865	-2
hs11	811681	811814	-2
hs19	812488	821952	-2
hs19	813584	813653	-2
hs11	818914	825571	-2
hs16	820183	820277	-2
hs19	827837	832018	-2
hs11	828260	831991	-2
hs11	832952	838835	-2
hs16	834974	838381	-2
hs16	838620	848074	-2
hs11	839721	842529	-2
hs19	840999	848175	-2
hs11	842941	867116	-2
hs1	852198	855072	-2
hs19	852303	856243	-2
hs7	856280	914571	-2
hs19	859664	863641	-2
hs1	861111	879954	-2
hs11	867859	910810	-2
hs19	867963	893187	-2
hs1	879583	894636	-2
hs1	895964	901099	-2
hs19	896503	913219	-2
hs1	901862	911245	-2
hs16	903636	1031613	-2
hs1	910578	917473	-2
hs7	916191	936073	-2
hs19	917333	921005	-2
hs11	925870	1012240	-2
hs19	926035	975937	-2
hs4	926175	952443	-2
hs1	934344	935477	-2
hs7	937537	995043	-2
hs1	948877	949919	-2
hs4	952675	967357	-2
hs1	955500	991494	-2
hs4	972861	987192	-2
hs4	980832	998352	-2
hs19	984345	994556	-2
hs19	1000418	1009731	-2
hs7	1004488	1015185	-2
hs4	1005760	1020686	-2
hs1	1006347	1009686	-2
hs19	1009652	1021122	-2
hs11	1012823	1036718	-2
hs1	1017203	1051469	-2
hs7	1022817	1029276	-2
hs19	1026607	1039064	-2
hs16	1031770	1036979	-2
hs7	1036642	1068005	-2
hs19	1040106	1065570	-2
hs7	1062569	1062662	-2
hs19	1071209	1087830	-2
hs1	1072397	1079434	-2
hs11	1074875	1104416	-2
hs19	1086578	1095391	-2
hs7	1095006	1098897	-2
hs1	1102484	1102578	-2
hs1	1103243	1103332	-2
hs1	1104385	1104467	-2
hs19	1104649	1106778	-2
hs19	1107637	1132220	-2
hs1	1109260	1133315	-2
hs16	1114081	1128731	-2
hs7	1127749	1133446	-2
hs16	1128826	1131454	-2
hs16	1138226	1146244	-2
hs1	1138888	1141972	-2
hs1	1146720	1149533	-2
hs11	1151580	1222364	-2
hs1	1152311	1167381	-2
hs1	1167617	1170420	-2
hs1	1177833	1182102	-2
hs1	1189292	1209234	-2
hs7	1192543	1199832	-2
hs16	1203241	1271772	-2
hs19	1205777	1228430	-2
hs1	1215816	1227405	-2
hs1	1227771	1243310	-2
hs19	1228286	1238004	-2
hs1	1231490	1231550	-2
hs1	1243960	1247057	-2
hs11	1244296	1283402	-2
hs1	1246965	1260067	-2
hs1	1247882	1247946	-2
hs19	1248552	1259142	-2
hs1	1260182	1264276	-2
hs1	1266660	1270694	-2
hs19	1267470	1270259	-2
hs19	1269267	1273171	-2
hs1	1270658	1284798	-2
hs16	1271651	1275268	-2
hs7	1272508	1276962	-2
hs1	1275030	1275088	-2
hs11	1277835	1277900	-2
hs16	1278336	1280185	-2
hs19	1285872	1301429	-2
hs16	1290706	1292555	-2
hs11	1295601	1330862	-2
hs16	1306070	1309009	-2
hs11	1330938	1331937	-2
hs16	1359153	1377018	-2
hs16	1383646	1399440	-2
hs19	1383906	1395583	-2
hs19	1397025	1401541	-2
hs16	1399241	1401879	-2
hs16	1401932	1414114	-2
hs19	1407585	1435682	-2
hs11	1411164	1483919	-2
hs16	1413206	1429653	-2
hs19	1438395	1440494	-2
hs19	1452983	1473243	-2
hs16	1469753	1470748	-2
hs19	1473200	1479214	-2
hs7	1473995	1499106	-2
hs19	1481427	1490449	-2
hs16	1484389	1494490	-2
hs11	1490687	1508009	-2
hs19	1491180	1497926	-2
hs16	1494934	1525085	-2
hs19	1505021	1513018	-2
hs7	1509913	1544025	-2
hs19	1524076	1536045	-2
hs16	1535887	1538945	-2
hs16	1543361	1560455	-2
hs19	1554668	1568057	-2
hs7	1570338	1582679	-2
hs19	1573595	1592864	-2
hs11	1575281	1593501	-2
hs7	1581871	1595841	-2
hs11	1593971	1620414	-2
hs19	1597168	1605461	-2
hs11	1605572	1606513	-2
hs7	1606970	1609668	-2
hs19	1609291	1652614	-2
hs7	1609709	1629261	-2
hs11	1618407	1619524	-2
hs11	1628795	1629693	-2
hs11	1642188	1643368	-2
hs11	1651033	1652159	-2
hs7	1654106	1656328	-2
hs11	1686829	1689086	-2
hs4	1694458	1714046	-2
hs11	1704500	1706859	-2
hs4	1717679	1723084	-2
hs11	1718425	1718985	-2
hs4	1723248	1746897	-2
hs7	1727755	1787581	-2
hs19	1753505	1780974	-2
hs11	1753636	1771825	-2
hs11	1773985	1785157	-2
hs7	1778266	1781946	-2
hs19	1782074	1812275	-2
hs4	1795039	1810599	-2
hs19	1815247	1848482	-2
hs19	1816158	1816237	-2
hs19	1822088	1824544	-2
hs19	1852398	1863578	-2
hs7	1855431	2272580	-2
hs11	1855657	1858751	-2
hs11	1861437	1862908	-2
hs19	1876809	1885495	-2
hs16	1877225	1890203	-2
hs11	1880694	1880766	-2
hs7	1883816	1883889	-2
hs16	1883987	1922165	-2
hs11	1892154	1913493	-2
hs11	1901275	1901377	-2
hs19	1905398	1913446	-2
hs19	1905398	1926012	-2
hs11	1917989	1929589	-2
hs16	1928286	1934232	-2
hs11	1940933	1959932	-2
hs19	1941171	1981336	-2
hs19	1952526	1954548	-2
hs16	1961476	1968416	-2
hs11	1968562	1977829	-2
hs11	1970561	1970706	-2
hs19	1985447	2015713	-2
hs16	1988230	1993200	-2
hs16	1993975	2004690	-2
hs11	2004439	2011150	-2
hs16	2009539	2011976	-2
hs16	2012059	2014827	-2
hs11	2012326	2014699	-2
hs16	2012335	2012467	-2
hs16	2012974	2013107	-2
hs16	2014997	2015505	-2
hs16	2015185	2015311	-2
hs11	2016406	2019105	-2
hs16	2016857	2018950	-2
hs11	2017989	2018061	-2
hs16	2022054	2032920	-2
hs16	2028918	2031470	-2
hs16	2034194	2037750	-2
hs19	2037470	2051243	-2
hs16	2039971	2044276	-2
hs16	2047655	2059822	-2
hs16	2069786	2070756	-2
hs19	2071035	2096325	-2
hs16	2083295	2089027	-2
hs16	2089821	2097835	-2
hs19	2096914	2099589	-2
hs16	2097986	2139491	-2
hs19	2100987	2151565	-2
hs16	2138709	2185899	-2
hs16	2140196	2140285	-2
hs16	2141437	2145018	-2
hs11	2150347	2162173	-2
hs11	2150347	2182439	-2
hs11	2155364	2155439	-2
hs11	2161742	2169896	-2
hs19	2163932	2232577	-2
hs11	2181009	2182439	-2
hs16	2183120	2183205	-2
hs11	2185159	2193045	-2
hs16	2185978	2186130	-2
hs11	2194293	2194368	-2
hs16	2198145	2204162	-2
hs16	2204783	2205359	-2
hs16	2205024	2205106	-2
hs16	2205783	2228130	-2
hs16	2227181	2246606	-2
hs19	2229951	2236328	-2
hs19	2234061	2234148	-2
hs19	2235828	2235925	-2
hs19	2236823	2248654	-2
hs19	2249322	2252072	-2
hs19	2250638	2250717	-2
hs19	2252251	2256416	-2
hs16	2255455	2259454	-2
hs16	2259254	2261069	-2
hs16	2261597	2264841	-2
hs19	2269485	2273487	-2
hs16	2273489	2285743	-2
hs7	2273830	2281840	-2
hs7	2281861	2290780	-2
hs16	2286445	2288712	-2
hs16	2289404	2301588	-2
hs11	2289728	2291818	-2
hs19	2289783	2308153	-2
hs7	2291405	2354076	-2
hs7	2297150	2297212	-2
hs16	2303121	2318127	-2
hs11	2316860	2324370	-2
hs19	2321520	2328585	-2
hs11	2323243	2339434	-2
hs19	2328683	2355093	-2
hs11	2349979	2399222	-2
hs7	2393721	2420377	-2
hs11	2398540	2418627	-2
hs11	2421980	2425106	-2
hs11	2425746	2444275	-2
hs7	2443246	2488119	-2
hs11	2482684	2870340	-2
hs7	2514772	2516017	-2
hs7	2552163	2568063	-2
hs7	2566708	2566779	-2
hs7	2577444	2595158	-2
hs7	2598613	2647189	-2
hs11	2629558	2721228	-2
hs7	2671620	2704436	-2
hs7	2727836	2759317	-2
hs11	2861365	2882799	-2
hs11	2891263	2893336	-2
hs11	2904448	2907005	-2
hs11	2908575	2924805	-2
hs11	2920921	2946476	-2
hs11	2949503	2950650	-2
hs11	2965667	3013559	-2
hs11	2985001	2985123	-2
hs1	2985767	3355185	-2
hs11	3108337	3186540	-2
hs11	3239174	3240043	-2
hs11	3239562	3244361	-2
hs11	3246260	3253647	-2
hs1	3371229	3397677	-2
hs4	3371925	3441640	-2
hs1	3404515	3528072	-2
hs4	3443695	3451213	-2
hs20	3451665	3596693	-2
hs4	3465033	3496209	-2
hs19	3473984	3480523	-2
hs1	3477260	3477354	-2
hs19	3490822	3500672	-2
hs4	3505339	3534149	-2
hs19	3522954	3536755	-2
hs19	3539155	3544028	-2
hs1	3541579	3546691	-2
hs19	3544197	3557584	-2
hs1	3547334	3566667	-2
hs19	3572942	3579081	-2
hs4	3578596	3592712	-2
hs19	3585476	3593539	-2
hs19	3594505	3606873	-2
hs1	3607236	3652765	-2
hs19	3607245	3613928	-2
hs19	3610643	3626813	-2
hs19	3630181	3700466	-2
hs20	3639895	3644046	-2
hs20	3648622	3662657	-2
hs1	3652548	3663335	-2
hs20	3667617	3687881	-2
hs20	3713332	3733758	-2
hs20	3734146	3749035	-2
hs20	3758151	3762095	-2
hs20	3764498	3767387	-2
hs20	3780709	3786768	-2
hs7	4721926	4811073	-2
hs7	4815254	4834028	-2
hs7	4828196	4828270	-2
hs7	4836686	4923347	-2
hs19	4969124	5153608	-2
hs7	5229864	5273470	-2
hs7	5322574	5346491	-2
hs7	5346423	5463177	-2
hs7	5528808	5553440	-2
hs7	5535450	5535548	-2
hs7	5553485	5565176	-2
hs7	5566779	5570232	-2
hs7	5632447	5646286	-2
hs1	5922871	6052485	-2
hs1	6086393	6161240	-2
hs1	6161847	6240381	-2
hs1	6245080	6259655	-2
hs1	6264900	6265840	-2
hs1	6266179	6281359	-2
hs1	6281253	6296024	-2
hs1	6296300	6299502	-2
hs1	6304239	6305638	-2
hs1	6307413	6321158	-2
hs1	6324332	6418989	-2
hs11	6411704	6416226	-2
hs11	6416354	6426647	-2
hs11	6452279	6462217	-2
hs11	6469843	6495214	-2
hs1	6475294	6479979	-2
hs1	6484836	6521004	-2
hs1	6489894	6489956	-2
hs11	6497749	6502561	-2
hs11	6502731	6505911	-2
hs11	6518510	6542090	-2
hs1	6521214	6526255	-2
hs1	6526152	6546014	-2
hs1	6581407	6614573	-2
hs1	6615367	6639815	-2
hs11	6616302	6624846	-2
hs7	6617085	6629005	-2
hs11	6624938	6632105	-2
hs11	6627524	6633447	-2
hs7	6629652	6648357	-2
hs11	6634001	6640653	-2
hs1	6640054	6649340	-2
hs11	6642561	6677040	-2
hs1	6650784	6662929	-2
hs7	6655241	6663921	-2
hs1	6673791	6684090	-2
hs7	6676949	6697910	-2
hs17	7076751	7082883	-2
hs17	7090499	7108506	-2
hs17	7120444	7128586	-2
hs17	7126616	7126698	-2
hs17	7128661	7137836	-2
hs17	7138357	7142776	-2
hs17	7143327	7145768	-2
hs17	7146911	7155297	-2
hs17	7155745	7163259	-2
hs17	7163222	7166512	-2
hs17	7185037	7191576	-2
hs17	7191582	7197958	-2
hs17	7210318	7215782	-2
hs17	7215980	7218679	-2
hs17	7218947	7232654	-2
hs17	7239848	7254796	-2
hs17	7255208	7258262	-2
hs17	7258475	7260538	-2
hs17	7284408	7293085	-2
hs17	7293046	7297844	-2
hs17	7293046	7307450	-2
hs17	7306295	7307416	-2
hs17	7311164	7323179	-2
hs17	7323643	7324951	-2
hs17	7338754	7340998	-2
hs17	7344087	7348256	-2
hs17	7348380	7361029	-2
hs17	7362697	7387568	-2
hs17	7384721	7386383	-2
hs17	7387685	7417931	-2
hs17	7452375	7461198	-2
hs17	7452375	7464918	-2
hs17	7461609	7464925	-2
hs17	7465236	7475287	-2
hs17	7465309	7482324	-2
hs17	7476143	7482324	-2
hs17	7478031	7478165	-2
hs17	7480129	7480276	-2
hs17	7481273	7481409	-2
hs17	7482956	7485429	-2
hs17	7485285	7486836	-2
hs17	7486965	7491527	-2
hs17	7491496	7493412	-2
hs17	7494548	7518215	-2
hs17	7529552	7531194	-2
hs17	7533453	7536690	-2
hs17	7549945	7561089	-2
hs17	7571720	7590868	-2
hs17	7589389	7606820	-2
hs17	7608520	7614690	-2
hs17	7621062	7737029	-2
hs17	7657638	7658286	-2
hs17	7743235	7758108	-2
hs17	7758384	7759417	-2
hs17	7759999	7761209	-2
hs17	7761321	7765600	-2
hs17	7788114	7816073	-2
hs17	7809441	7809578	-2
hs17	7825177	7832753	-2
hs17	7833667	7835264	-2
hs17	7835524	7853238	-2
hs19	7895104	7929862	-2
hs17	7905933	7923660	-2
hs19	7933605	7939275	-2
hs17	7942377	7952451	-2
hs19	7943516	7945117	-2
hs19	7953390	7966908	-2
hs19	7968762	7979363	-2
hs17	7975954	7991034	-2
hs19	7979715	7983982	-2
hs19	7985900	7988135	-2
hs19	7989376	7991020	-2
hs17	7991374	7991465	-2
hs19	7991603	8008551	-2
hs17	7999218	8021832	-2
hs17	8023911	8027424	-2
hs17	8043790	8055722	-2
hs17	8048312	8048389	-2
hs17	8062465	8066194	-2
hs17	8075775	8079698	-2
hs17	8076771	8076906	-2
hs17	8090263	8090322	-2
hs17	8091663	8093498	-2
hs17	8108052	8113893	-2
hs17	8123948	8127361	-2
hs17	8128133	8151374	-2
hs17	8152607	8173804	-2
hs1	10535007	10690815	-2
hs1	10707268	10856703	-2
hs18	13217681	13652750	-2
hs18	13419498	13427533	-2
hs18	13459946	13460025	-2
hs18	13611113	13611199	-2
hs16	15227923	15228007	-2
hs16	15227932	15228002	-2
hs22	19705992	19712297	-2
hs22	19711062	19712294	-2
hs22	19744226	19771112	-2
hs22	19770746	19842397	-2
hs22	19863045	19929341	-2
hs22	19939041	19957498	-2
hs22	19951276	19951357	-2
hs22	19957419	20004346	-2
hs22	20008592	20054687	-2
hs22	20020662	20020743	-2
hs22	20067755	20099401	-2
hs22	20073269	20073356	-2
hs22	20073581	20073665	-2
hs22	20099398	20104749	-2
hs22	20102209	20102274	-2
hs22	20105268	20114878	-2
hs22	20119327	20135530	-2
hs22	20135939	20138578	-2
hs22	20186252	20192441	-2
hs22	20193855	20196060	-2
hs22	20228938	20255841	-2
hs22	20236657	20236734	-2
hs22	20301761	20307583	-2
hs9	21802635	21867080	-2
hs9	21967751	21995323	-2
hs22	23401593	23484177	-2
hs22	23412705	23467219	-2
hs22	23487664	23507850	-2
hs22	23522696	23660224	-2
hs22	23604954	23607186	-2
hs22	23701793	23724313	-2
hs22	23732792	23744799	-2
hs15	25415870	25415951	-2
hs15	25417782	25417863	-2
hs15	25420074	25420155	-2
hs15	25421979	25422060	-2
hs15	25425644	25425725	-2
hs15	25427532	25427613	-2
hs15	25429453	25429534	-2
hs15	25436563	25436644	-2
hs15	25436566	25436644	-2
hs15	25438468	25438549	-2
hs15	25440068	25440148	-2
hs15	25444595	25444676	-2
hs15	25449504	25449585	-2
hs15	25449504	25449585	-2
hs15	25451409	25451490	-2
hs15	25455065	25455146	-2
hs15	25456839	25457180	-2
hs15	25456943	25457024	-2
hs15	25458806	25458876	-2
hs15	25460688	25460769	-2
hs15	25463764	25463845	-2
hs15	25465650	25465725	-2
hs15	25467501	25467574	-2
hs15	25470350	25470431	-2
hs15	25472256	25472337	-2
hs15	25474114	25474195	-2
hs15	25492492	25492573	-2
hs15	25492492	25492573	-2
hs15	25492492	25492573	-2
hs15	25494345	25494426	-2
hs15	25494345	25494426	-2
hs15	25494345	25494426	-2
hs7	27132614	27135619	-2
hs7	27135713	27139877	-2
hs7	27139973	27142302	-2
hs7	27146629	27159214	-2
hs7	27161538	27168379	-2
hs7	27168144	27170376	-2
hs7	27180671	27183300	-2
hs7	27185015	27187393	-2
hs7	27186782	27195547	-2
hs7	27193338	27196294	-2
hs7	27202057	27205156	-2
hs7	27202057	27219880	-2
hs7	27208518	27211534	-2
hs7	27209099	27209182	-2
hs7	27210224	27213939	-2
hs7	27220776	27224851	-2
hs7	27225027	27228912	-2
hs7	27233990	27239710	-2
hs7	27240040	27246878	-2
hs22	30636442	30642748	-2
hs22	30658819	30662229	-2
hs22	30687979	30722930	-2
hs22	30727977	30752883	-2
hs22	30752613	30774662	-2
hs22	30764800	30773894	-2
hs22	30774810	30783400	-2
hs22	30793007	30821291	-2
hs7	30951468	30965131	-2
hs7	31003568	31019143	-2
hs7	31092076	31151093	-2
hs18	34409090	34466369	-2
hs18	34823008	35145761	-2
hs18	34854423	34856363	-2
hs18	35046302	35046467	-2
hs22	37387166	37403892	-2
hs22	37406900	37416224	-2
hs22	37415783	37425855	-2
hs22	37447776	37459430	-2
hs22	37461476	37505753	-2
hs22	37521883	37571096	-2
hs22	37576206	37584287	-2
hs22	37600277	37606729	-2
hs22	37621310	37640309	-2
hs22	37678549	37711382	-2
hs22	37736685	37823505	-2
hs22	37748231	37750879	-2
hs22	37865101	37882422	-2
hs22	37886400	37915422	-2
hs3	37903371	38025960	-2
hs22	37956487	37965410	-2
hs22	37966255	37976094	-2
hs22	38005047	38029571	-2
hs3	38010895	38010971	-2
hs3	38032277	38048676	-2
hs22	38035676	38052124	-2
hs3	38048987	38066011	-2
hs22	38054730	38062939	-2
hs22	38071643	38075809	-2
hs3	38080699	38165503	-2
hs22	38082350	38089481	-2
hs22	38142241	38155961	-2
hs3	38164201	38178733	-2
hs22	38203912	38213183	-2
hs22	38219389	38221492	-2
hs22	38226862	38245325	-2
hs22	38240279	38240378	-2
hs22	38243685	38243781	-2
hs22	38245426	38285414	-2
hs22	38302304	38338829	-2
hs22	38339057	38349608	-2
hs22	38349706	38437922	-2
hs22	38363570	38363631	-2
hs22	38368319	38380562	-2
hs22	38384801	38384860	-2
hs22	38453262	38471708	-2
hs22	38474144	38480191	-2
hs22	38480908	38506691	-2
hs22	38507502	38577837	-2
hs22	38597939	38612517	-2
hs22	38615298	38669016	-2
hs22	38620486	38620727	-2
hs22	38686697	38714089	-2
hs22	38822333	38851205	-2
hs22	38864067	38877637	-2
hs21	38979675	39288760	-2
hs22	39077962	39081426	-2
hs22	39081548	39096948	-2
hs22	39101949	39129592	-2
hs22	39130739	39151471	-2
hs22	39174513	39190148	-2
hs22	39214457	39240033	-2
hs22	39257427	39268221	-2
hs22	39353527	39388783	-2
hs22	39353614	39359189	-2
hs22	39378352	39388784	-2
hs22	39387564	39394225	-2
hs22	39410262	39416357	-2
hs22	39417132	39429256	-2
hs22	39436869	39440428	-2
hs22	39473010	39483748	-2
hs22	39493229	39498610	-2
hs22	39526779	39548685	-2
hs22	39619364	39636914	-2
hs22	39708887	39715628	-2
hs22	39709824	39709916	-2
hs22	39711218	39711312	-2
hs22	39712847	39712901	-2
hs22	39715057	39715118	-2
hs22	39760175	39774394	-2
hs22	39795785	39833135	-2
hs22	39828165	39833133	-2
hs22	39853017	39888199	-2
hs22	39871812	39872827	-2
hs22	39898235	39914139	-2
hs22	39916564	39918691	-2
hs22	39925098	39928753	-2
hs22	39966758	40085740	-2
hs15	40453270	40513323	-2
hs15	40509629	40569688	-2
hs15	40531264	40569688	-2
hs15	40542866	40545160	-2
hs15	40570573	40574787	-2
hs15	40592868	40600136	-2
hs15	40615893	40618916	-2
hs15	40643234	40648634	-2
hs15	40650420	40670820	-2
hs15	40674922	40686489	-2
hs15	40697996	40713507	-2
hs15	40731956	40760435	-2
hs15	41136246	41150405	-2
hs15	41164412	41166432	-2
hs15	41186648	41196173	-2
hs15	41199007	41201549	-2
hs15	41221538	41231271	-2
hs15	42066682	42120053	-2
hs15	42120283	42140346	-2
hs15	42120290	42129779	-2
hs15	42131011	42140346	-2
hs15	42140344	42186251	-2
hs15	42158693	42158749	-2
hs10	43474465	43476955	-2
hs10	43493011	43493129	-2
hs22	43506756	43525718	-2
hs22	43528212	43539403	-2
hs22	43547565	43559248	-2
hs22	43562628	43583140	-2
hs22	43593286	43739378	-2
hs10	43600180	43623062	-2
hs10	43633893	43680754	-2
hs10	43689981	43725187	-2
hs7	43966035	43995735	-2
hs7	43980494	44058793	-2
hs7	44040539	44049723	-2
hs7	44068486	44080222	-2
hs7	44078648	44083895	-2
hs7	44084301	44109055	-2
hs7	44091365	44091428	-2
hs7	44102326	44105166	-2
hs7	44111661	44122139	-2
hs7	44112977	44113032	-2
hs7	44143944	44154159	-2
hs7	44150448	44150511	-2
hs7	44154279	44163147	-2
hs7	44178463	44180931	-2
hs7	44182812	44229038	-2
hs7	44240577	44253893	-2
hs7	44256754	44365193	-2
hs15	44854894	44955860	-2
hs15	44957930	44969086	-2
hs7	45002261	45018614	-2
hs15	45003715	45010343	-2
hs15	45021186	45025049	-2
hs7	45022622	45026295	-2
hs7	45024977	45025109	-2
hs15	45028726	45060025	-2
hs7	45039787	45116069	-2
hs7	45120036	45128568	-2
hs7	45139699	45151346	-2
hs7	45143948	45144081	-2
hs7	45144505	45144641	-2
hs7	45145567	45145698	-2
hs7	45197390	45223849	-2
hs15	45248885	45271426	-2
hs15	45315393	45369383	-2
hs15	45384848	45406370	-2
hs15	45406524	45410619	-2
hs15	45409564	45422077	-2
hs15	45422192	45457772	-2
hs15	45459412	45473405	-2
hs21	45494205	45526432	-2
hs21	45527280	45551063	-2
hs21	45642878	45660826	-2
hs21	45666222	45681780	-2
hs21	45705759	45718531	-2
hs21	45719936	45747256	-2
hs18	46065402	46389586	-2
hs21	46269500	46293818	-2
hs11	46299213	46342944	-2
hs21	46305869	46348730	-2
hs22	46316246	46373042	-2
hs21	46340950	46349595	-2
hs21	46354640	46359828	-2
hs21	46359912	46396904	-2
hs11	46369013	46402101	-2
hs11	46397952	46398034	-2
hs22	46402496	46406657	-2
hs11	46403261	46405387	-2
hs11	46405341	46413326	-2
hs21	46409779	46414001	-2
hs22	46435787	46440748	-2
hs22	46444411	46450105	-2
hs18	46446223	46475703	-2
hs22	46449726	46454402	-2
hs22	46481877	46509808	-2
hs22	46486924	46487006	-2
hs22	46508629	46508702	-2
hs22	46509446	46509537	-2
hs22	46509566	46509648	-2
hs22	46546429	46639652	-2
hs22	46639910	46646190	-2
hs22	46651560	46659240	-2
hs22	46663905	46689905	-2
hs22	46692767	46726707	-2
hs22	46731611	46753237	-2
hs22	46757071	46933517	-2
hs21	46827301	46829980	-2
hs21	46839631	46844985	-2
hs21	46875436	46933634	-2
hs21	46898180	46898240	-2
hs3	46899362	46904934	-2
hs3	46919211	46945289	-2
hs21	46932479	46962354	-2
hs11	46958312	47183798	-2
hs3	46963220	47017991	-2
hs22	47016283	47075682	-2
hs3	47021156	47051191	-2
hs22	47080307	47134149	-2
hs22	47159639	47571342	-2
hs11	47185849	47198676	-2
hs11	47199073	47207985	-2
hs11	47201162	47201288	-2
hs11	47236525	47260768	-2
hs11	47260853	47270398	-2
hs11	47269851	47290584	-2
hs11	47291214	47351582	-2
hs11	47352957	47374253	-2
hs11	47376411	47400098	-2
hs11	47422521	47422593	-2
hs11	47428827	47438051	-2
hs11	47440326	47447990	-2
hs3	48413709	48436190	-2
hs3	48445261	48470872	-2
hs3	48473585	48481529	-2
hs3	48481667	48485616	-2
hs3	48488530	48509044	-2
hs3	48507229	48509044	-2
hs3	48509197	48542259	-2
hs3	48555117	48594236	-2
hs3	48587394	48587454	-2
hs3	48599151	48601214	-2
hs3	48601506	48632762	-2
hs3	48616335	48616410	-2
hs3	48636435	48647079	-2
hs3	48642353	48642583	-2
hs3	48658192	48659202	-2
hs3	48663156	48672894	-2
hs3	48671069	48671131	-2
hs3	48673896	48700319	-2
hs3	48681627	48681713	-2
hs22	48934712	48943199	-2
hs22	49176107	49176165	-2
hs22	49262582	49294198	-2
hs22	49808174	50051167	-2
hs22	49937041	49937114	-2
hs3	50126352	50156454	-2
hs3	50137036	50138421	-2
hs3	50153455	50193518	-2
hs22	50166926	50217979	-2
hs3	50192491	50226508	-2
hs3	50229043	50235129	-2
hs3	50242704	50258917	-2
hs22	50247492	50283728	-2
hs3	50264868	50264922	-2
hs3	50284342	50296794	-2
hs22	50293877	50312086	-2
hs3	50304073	50304803	-2
hs3	50310550	50314602	-2
hs3	50310667	50310728	-2
hs22	50312282	50321185	-2
hs3	50316518	50325545	-2
hs3	50325163	50329860	-2
hs3	50330263	50336836	-2
hs3	50337320	50349812	-2
hs22	50354420	50357720	-2
hs3	50355221	50360281	-2
hs22	50356514	50356587	-2
hs3	50362340	50365669	-2
hs3	50367219	50375683	-2
hs3	50374942	50375727	-2
hs3	50378544	50383163	-2
hs3	50384786	50388206	-2
hs3	50388293	50391496	-2
hs3	50392181	50396952	-2
hs3	50400044	50541675	-2
hs22	50430240	50451194	-2
hs22	50497820	50523855	-2
hs22	50528685	50600116	-2
hs3	50595456	50605178	-2
hs3	50606953	50633597	-2
hs22	50609160	50618724	-2
hs22	50624342	50638023	-2
hs3	50643885	50649205	-2
hs3	50654562	50686728	-2
hs22	50656123	50683452	-2
hs22	50683613	50689694	-2
hs22	50691330	50700112	-2
hs22	50702142	50708809	-2
hs22	50713408	50746075	-2
hs22	50781756	50883518	-2
hs22	50883431	50913464	-2
hs22	50919972	50924866	-2
hs22	50925288	50929077	-2
hs22	50941378	50946131	-2
hs22	50946653	50963209	-2
hs22	50961997	50964868	-2
hs22	50964181	50968514	-2
hs22	50968855	50970586	-2
hs22	50984328	50989452	-2
hs22	50989541	51001348	-2
hs22	51007290	51017041	-2
hs22	51007290	51021428	-2
hs22	51017392	51021278	-2
hs22	51039222	51052404	-2
hs22	51061182	51066580	-2
hs22	51111251	51171640	-2
hs22	51174257	51176597	-2
hs22	51176632	51183767	-2
hs22	51205935	51222064	-2
hs22	51222157	51238065	-2
hs3	51967445	51975920	-2
hs3	51976321	51982883	-2
hs3	51989397	51991511	-2
hs3	51991474	52001470	-2
hs3	52002526	52008646	-2
hs3	52009080	52015212	-2
hs3	52009080	52023213	-2
hs3	52017551	52023213	-2
hs3	52027538	52029911	-2
hs3	52082937	52090587	-2
hs3	52096110	52099128	-2
hs3	52109242	52188439	-2
hs3	52232099	52248343	-2
hs3	52255096	52260179	-2
hs3	52262628	52273174	-2
hs3	52273254	52275113	-2
hs3	52280183	52284615	-2
hs3	52288450	52312665	-2
hs3	52302294	52302377	-2
hs3	52321844	52329273	-2
hs3	52322596	52323749	-2
hs3	52328235	52328324	-2
hs3	52350335	52434508	-2
hs3	52435025	52444024	-2
hs3	52444676	52457657	-2
hs3	52467051	52479119	-2
hs3	52485116	52488057	-2
hs3	52489620	52515926	-2
hs3	52529354	52558511	-2
hs20	60813577	60871239	-2
hs20	60877952	60883918	-2
hs20	60884121	60942368	-2
hs20	60907543	60907613	-2
hs20	60928066	60931534	-2
hs20	60962159	60963576	-2
hs20	60963686	60982339	-2
hs20	60985293	61002595	-2
hs20	61038553	61051051	-2
hs11	61248592	61258400	-2
hs11	61276068	61276129	-2
hs11	61276221	61278490	-2
hs11	61281188	61348344	-2
hs11	61355966	61375018	-2
hs11	61382508	61406921	-2
hs11	61447863	61514473	-2
hs11	61520108	61555990	-2
hs11	61556421	61560071	-2
hs11	61559967	61560033	-2
hs11	61560383	61564710	-2
hs11	61567101	61584475	-2
hs11	61582633	61582712	-2
hs11	61583675	61634826	-2
hs11	61640998	61659017	-2
hs11	61645688	61645750	-2
hs11	61664773	61687756	-2
hs20	61867257	61871847	-2
hs20	61870131	61870194	-2
hs20	61872136	61884847	-2
hs20	61885330	61892967	-2
hs20	61915664	61921142	-2
hs20	61918160	61918218	-2
hs20	61924538	61966203	-2
hs20	61974575	61992701	-2
hs20	61991340	62002529	-2
hs20	62031561	62104008	-2
hs20	62119367	62130436	-2
hs20	62152094	62153524	-2
hs20	62159776	62168723	-2
hs20	62171277	62178857	-2
hs20	62184373	62188060	-2
hs20	62189439	62199107	-2
hs11	63606582	63678492	-2
hs11	63678702	63684636	-2
hs11	63706803	63724791	-2
hs11	63742092	63744015	-2
hs11	63753325	63765892	-2
hs11	63766030	63933585	-2
hs11	63803403	63886643	-2
hs11	63953643	63972015	-2
hs11	63975178	63991363	-2
hs11	63991288	63993658	-2
hs11	63993746	63997488	-2
hs11	63997753	64001753	-2
hs11	64002056	64006736	-2
hs11	64009588	64011607	-2
hs11	64011951	64014415	-2
hs11	64019002	64036924	-2
hs11	64037302	64052137	-2
hs11	64052315	64056966	-2
hs11	64059194	64072241	-2
hs11	64059195	64067503	-2
hs11	64073699	64084212	-2
hs11	64083932	64085031	-2
hs11	64085593	64089283	-2
hs11	64107676	64125006	-2
hs11	64109321	64109376	-2
hs11	64126634	64139687	-2
hs11	64323413	64340347	-2
hs11	64358692	64369816	-2
hs11	64373646	64490669	-2
hs11	64494383	64511614	-2
hs11	64513861	64528187	-2
hs11	64532078	64545233	-2
hs11	64552390	64570686	-2
hs11	64570986	64578188	-2
hs11	64590524	64612125	-2
hs11	64620199	64647185	-2
hs11	64655930	64660921	-2
hs11	64658609	64658718	-2
hs11	64658827	64658911	-2
hs11	64662018	64684681	-2
hs11	64665835	64665909	-2
hs11	64669859	64669927	-2
hs11	65292554	65306175	-2
hs11	65306030	65325699	-2
hs11	65340009	65341661	-2
hs11	65343509	65360121	-2
hs11	65360307	65363271	-2
hs11	65365228	65381692	-2
hs11	65383783	65404910	-2
hs11	65837743	66012215	-2
hs11	66025174	66035332	-2
hs11	66036110	66044963	-2
hs11	66045646	66051677	-2
hs11	66052051	66056614	-2
hs11	66059365	66064135	-2
hs11	66081965	66084515	-2
hs11	66097712	66104245	-2
hs11	66104810	66112575	-2
hs11	66886734	67025550	-2
hs11	67033944	67054027	-2
hs11	67056774	67069955	-2
hs11	67071001	67080063	-2
hs11	67085310	67159158	-2
hs11	67118236	67121067	-2
hs11	67131639	67141648	-2
hs11	67160776	67165883	-2
hs11	67165654	67169329	-2
hs11	67171401	67177560	-2
hs11	67183149	67193075	-2
hs11	67195965	67202872	-2
hs11	67202981	67205153	-2
hs11	67205518	67211292	-2
hs11	67218772	67220200	-2
hs11	67222825	67229223	-2
hs11	67229181	67236722	-2
hs11	67250987	67258579	-2
hs11	67257716	67257786	-2
hs11	67259239	67272834	-2
hs15	67841432	68099452	-2
hs15	68117847	68126920	-2
hs13	69796478	69896231	-2
hs15	70340130	70387128	-2
hs15	70371711	70371807	-2
hs16	70613798	70694585	-2
hs16	70721342	70835061	-2
hs11	72281700	72284266	-2
hs11	72287184	72380108	-2
hs11	72326107	72326174	-2
hs11	72396114	72433403	-2
hs11	72465774	72504750	-2
hs11	72494575	72494637	-2
hs11	72976281	73009670	-2
hs11	73019321	73080433	-2
hs11	73087444	73108519	-2
hs10	73471458	73497607	-2
hs10	73571640	73575704	-2
hs14	73997240	73997409	-2
hs15	74466888	74469212	-2
hs15	74471808	74495128	-2
hs18	74535716	74684855	-2
hs15	74610900	74628482	-2
hs15	74630103	74658535	-2
hs18	74690789	74729011	-2
hs15	74701625	74726045	-2
hs15	74703698	74703773	-2
hs15	74833561	74890472	-2
hs11	74862152	74917594	-2
hs15	74900713	74922542	-2
hs11	74951819	74954749	-2
hs11	74971166	75062705	-2
hs15	75041186	75048948	-2
hs11	75046136	75046230	-2
hs15	75074425	75095539	-2
hs15	75081013	75081098	-2
hs15	75105176	75118095	-2
hs11	75110562	75133345	-2
hs11	75111435	75111582	-2
hs11	75115465	75115610	-2
hs15	75118968	75124138	-2
hs15	75128459	75135497	-2
hs15	75132983	75133048	-2
hs11	75133438	75141674	-2
hs15	75136071	75165706	-2
hs11	75145685	75236618	-2
hs11	75273298	75283828	-2
hs10	75391370	75401232	-2
hs10	75404644	75410798	-2
hs10	75434033	75461086	-2
hs10	75458909	75490272	-2
hs10	75490320	75491529	-2
hs15	75494223	75504510	-2
hs10	75504130	75531919	-2
hs15	75519094	75522031	-2
hs11	75526255	75855276	-2
hs10	75532049	75535976	-2
hs10	75541806	75543410	-2
hs10	75545364	75561551	-2
hs15	75550899	75565796	-2
hs10	75556272	75561157	-2
hs10	75561674	75571356	-2
hs15	75575182	75588148	-2
hs10	75575625	75634313	-2
hs15	75628404	75635567	-2
hs15	75639380	75649456	-2
hs15	75645952	75646026	-2
hs15	75648133	75660968	-2
hs10	75669727	75682535	-2
hs10	75670890	75677252	-2
hs11	75897369	75917546	-2
hs11	76745442	76753005	-2
hs11	76778018	76837198	-2
hs11	76813886	76814377	-2
hs18	76829394	77138282	-2
hs11	76839292	76926286	-2
hs18	77155930	77289323	-2
hs15	77287467	77329816	-2
hs18	77398928	77439745	-2
hs18	77441430	77514510	-2
hs18	77623668	77659816	-2
hs15	77817937	77826452	-2
hs15	77905369	78112543	-2
hs15	77934106	77941581	-2
hs15	77952393	77960416	-2
hs15	78206559	78219188	-2
hs15	78285575	78286567	-2
hs15	78287327	78370053	-2
hs15	78384927	78396393	-2
hs15	78396948	78423877	-2
hs10	80703083	80827205	-2
hs10	80828723	81076275	-2
hs10	81107225	81115089	-2
hs10	81142083	81205380	-2
hs15	81489220	81606399	-2
hs15	81601394	81616482	-2
hs16	85061357	85113362	-2
hs16	85316564	85321685	-2
hs16	85339832	85339931	-2
hs16	85645015	85709806	-2
hs16	87635441	87731761	-2
hs16	87741418	87799592	-2
hs16	87799937	87812754	-2
hs16	87863629	87903113	-2
hs16	87868198	87868266	-2
hs16	87915155	87970135	-2
hs16	87985040	88110922	-2
hs16	88133015	88134591	-2
hs10	88414314	88426216	-2
hs10	88428268	88459807	-2
hs16	88449367	88507159	-2
hs16	88519688	88603439	-2
hs16	88535326	88535439	-2
hs16	88636811	88698372	-2
hs16	88704980	88706876	-2
hs16	88709697	88717461	-2
hs16	88718348	88729499	-2
hs16	88729781	88741914	-2
hs16	88744096	88752915	-2
hs16	88762909	88772816	-2
hs16	88772911	88781804	-2
hs16	88781746	88851628	-2
hs16	88782686	88782745	-2
hs16	88797588	88807833	-2
hs16	88809175	88812156	-2
hs16	88870197	88875666	-2
hs16	88875877	88878336	-2
hs16	88880142	88923355	-2
hs16	88923535	88929086	-2
hs16	88929742	88936560	-2
hs16	88941266	89007758	-2
hs16	88949923	88953544	-2
hs16	89005679	89020190	-2
hs16	89160260	89222245	-2
hs16	89225628	89230083	-2
hs16	89238156	89261900	-2
hs16	89262169	89266945	-2
hs16	89284111	89303544	-2
hs16	89353070	89556969	-2
hs16	89362536	89364725	-2
hs16	89386860	89391325	-2
hs16	89497326	89520902	-2
hs16	89574811	89604129	-2
hs16	89627065	89633237	-2
hs16	89627838	89627909	-2
hs16	89642166	89663654	-2
hs16	89687005	89704841	-2
hs16	89710844	89724116	-2
hs16	89724476	89727916	-2
hs16	89753097	89762762	-2
hs16	89762765	89768113	-2
hs16	89773542	89787306	-2
hs16	89778264	89784573	-2
hs16	89787410	89807332	-2
hs16	89803957	89883055	-2
hs16	89894883	89937727	-2
hs16	89940000	89977787	-2
hs16	89985270	89987380	-2
hs16	89988333	90002505	-2
hs16	90015163	90034468	-2
hs16	90036183	90039240	-2
hs16	90038988	90063028	-2
hs16	90071279	90086298	-2
hs16	90086037	90111379	-2
hs16	90095316	90096309	-2
hs16	90106169	90114033	-2
hs16	90122974	90143739	-2
hs16	90168672	90244014	-2
hs15	91411818	91426687	-2
hs15	91428276	91439006	-2
hs15	91445895	91465809	-2
hs15	91473198	91475779	-2
hs15	91473410	91497323	-2
hs7	97736174	97838950	-2
hs7	97840751	97844769	-2
hs7	97843936	97881544	-2
hs7	97910998	97920857	-2
hs7	98923496	98963885	-2
hs7	98972353	98992439	-2
hs7	98992299	99006220	-2
hs7	99006592	99017239	-2
hs7	99014362	99036421	-2
hs7	99036566	99054996	-2
hs7	99647397	99662663	-2
hs7	99667596	99679346	-2
hs7	99686592	99689810	-2
hs7	99690351	99699020	-2
hs7	99691183	99691266	-2
hs7	99691391	99691470	-2
hs7	99691616	99691697	-2
hs7	99699266	99706647	-2
hs7	99704693	99717481	-2
hs7	99717257	99723128	-2
hs7	99724590	99726116	-2
hs7	99746541	99751826	-2
hs7	99754228	99754292	-2
hs7	99756867	99766240	-2
hs7	99767229	99775004	-2
hs7	99775541	99812004	-2
hs7	99816871	99819111	-2
hs13	99848628	99853011	-2
hs13	99853108	100038757	-2
hs7	99905325	99919819	-2
hs13	99906967	99910682	-2
hs7	99918263	99933930	-2
hs7	99933688	99965454	-2
hs7	99933702	99938951	-2
hs13	99946794	99959653	-2
hs7	99949941	99951559	-2
hs7	99954274	99954344	-2
hs7	99955626	99965454	-2
hs7	99971110	99997716	-2
hs7	99998439	100026326	-2
hs13	100003674	100004281	-2
hs13	100008385	100008482	-2
hs7	100027070	100031741	-2
hs7	100032906	100034120	-2
hs7	100054243	100061883	-2
hs7	100064142	100076837	-2
hs7	100081550	100092424	-2
hs7	100136826	100165843	-2
hs7	100169852	100171523	-2
hs7	100171634	100172842	-2
hs7	100171634	100183752	-2
hs7	100187024	100201661	-2
hs7	100187236	100198740	-2
hs7	100199986	100205798	-2
hs7	100210163	100213000	-2
hs7	100218039	100231273	-2
hs7	100240726	100254071	-2
hs7	100254184	100264049	-2
hs7	100271363	100276792	-2
hs7	100277130	100291873	-2
hs7	100303744	100305109	-2
hs7	100318091	100321323	-2
hs7	100331218	100395419	-2
hs13	100393124	100609419	-2
hs7	100400187	100425145	-2
hs7	100424491	100464634	-2
hs7	100465009	100471076	-2
hs7	100465658	100465729	-2
hs7	100472725	100486285	-2
hs7	100486342	100487336	-2
hs7	100487615	100494614	-2
hs13	100615218	100621426	-2
hs7	100770385	100782528	-2
hs7	100797757	100804557	-2
hs7	100802754	100802836	-2
hs7	100805790	100808850	-2
hs7	100813777	100823574	-2
hs7	100838289	100844317	-2
hs7	100849265	100860862	-2
hs7	100861446	100867471	-2
hs7	100875375	100881083	-2
hs7	100882753	100888362	-2
hs7	101459287	101927250	-2
hs7	101928432	101962178	-2
hs7	101936369	101936453	-2
hs7	101986186	101996889	-2
hs7	102004308	102067129	-2
hs7	102004330	102021196	-2
hs7	102036810	102067113	-2
hs7	102046189	102046302	-2
hs7	102073977	102097268	-2
hs7	102096690	102105310	-2
hs7	102105330	102113615	-2
hs7	102106189	102106273	-2
hs7	102111916	102111978	-2
hs7	102113576	102119369	-2
hs7	102120424	102158224	-2
hs7	102178366	102213068	-2
hs7	102220093	102257205	-2
hs7	102277195	102312182	-2
hs7	102290772	102301847	-2
hs7	102389399	102449672	-2
hs10	102672720	102719345	-2
hs10	102732286	102745373	-2
hs10	102734742	102734841	-2
hs10	102746026	102747254	-2
hs10	102758036	102767587	-2
hs10	102777089	102790914	-2
hs10	102790996	102800998	-2
hs10	104005289	104142653	-2
hs10	104153867	104162286	-2
hs10	104162374	104179484	-2
hs10	104179571	104182893	-2
hs10	104183006	104192331	-2
hs10	104263729	104393292	-2
hs10	104404252	104418076	-2
hs14	104552037	104581919	-2
hs14	104583742	104583851	-2
hs14	104583755	104583840	-2
hs14	104605060	104647235	-2
hs14	105046101	105056852	-2
hs14	105060418	105071097	-2
hs14	105144031	105144086	-2
hs14	105155955	105188872	-2
hs14	105219484	105225991	-2
hs14	105235686	105262085	-2
hs14	105267438	105271048	-2
hs14	105287538	105290055	-2
hs14	105331605	105363084	-2
hs14	105391216	105399573	-2
hs14	105403590	105436844	-2
hs14	105475910	105487420	-2
hs14	105515732	105531767	-2
hs14	105607335	105635113	-2
hs14	105617115	105617201	-2
hs14	105641825	105647660	-2
hs14	105675624	105781914	-2
hs14	105714870	105717430	-2
hs14	105781085	105864484	-2
hs14	105864875	105880196	-2
hs14	105883918	105886076	-2
hs14	105886164	105937066	-2
hs14	105941158	105946499	-2
hs14	105953223	105955284	-2
hs14	105993442	105996539	-2
hs14	105998192	106000654	-2
hs14	106106505	106106569	-2
hs14	106135914	106139144	-2
hs14	106324293	106324344	-2
hs14	106325653	106325722	-2
hs14	106383838	106398502	-2
hs14	106435818	106438358	-2
hs14	106744269	106744966	-2
hs14	106938445	106951529	-2
hs14	107259100	107259214	-2
hs13	113301358	113338811	-2
hs13	113344643	113541482	-2
hs13	113399763	113409045	-2
hs13	113621798	113622952	-2
hs13	113656028	113754053	-2
hs13	114462199	114519968	-2
hs13	114518583	114545814	-2
hs13	114523522	114567049	-2
hs13	114598076	114624290	-2
hs13	114629487	114631964	-2
hs13	114747194	114898098	-2
hs10	120967083	121219257	-2
hs10	121137484	121137555	-2
hs10	121259339	121296045	-2
hs10	126150392	126302710	-2
hs10	126307861	126432947	-2
hs10	126392597	126403329	-2
hs3	126423083	126679263	-2
hs3	126707437	126756235	-2
hs7	128432022	128462184	-2
hs7	128470460	128499326	-2
hs7	128502910	128505901	-2
hs7	128516919	128550763	-2
hs7	128577086	128590092	-2
hs3	129247482	129254187	-2
hs3	129274057	129325519	-2
hs12	133066737	133161773	-2
hs12	133158583	133158647	-2
hs10	133879450	133998362	-2
hs10	134000452	134019263	-2
hs10	134020986	134062612	-2
hs10	134145697	134166900	-2
hs10	134210704	134231358	-2
hs10	134351291	134596984	-2
hs10	134596685	134599651	-2
hs10	134621896	134756074	-2
hs10	134757471	134778793	-2
hs10	134774844	134775741	-2
hs10	134779038	134790001	-2
hs10	134898753	134900201	-2
hs10	134915750	134945179	-2
hs10	134973723	134994344	-2
hs10	135043721	135045062	-2
hs10	135051359	135055432	-2
hs10	135059983	135061389	-2
hs10	135061015	135061124	-2
hs10	135075927	135090372	-2
hs10	135092134	135125841	-2
hs10	135122418	135126665	-2
hs10	135137576	135150400	-2
hs10	135160877	135166187	-2
hs10	135168662	135171523	-2
hs9	139141819	139166855	-2
hs9	139216998	139221779	-2
hs9	139247509	139254057	-2
hs9	139253935	139258196	-2
hs9	139258408	139268121	-2
hs14	143079637	143079657	-2
hs8	144519829	144623617	-2
hs8	144635557	144645231	-2
hs8	144648363	144654942	-2
hs8	144656955	144660500	-2
hs8	144661864	144679585	-2
hs8	144680001	144685394	-2
hs8	144731954	144735900	-2
hs8	144766649	144777555	-2
hs8	144788864	144790279	-2
hs8	144790221	144796068	-2
hs8	144798519	144804628	-2
hs8	144806103	144815949	-2
hs8	144815253	144815323	-2
hs8	144840663	144842678	-2
hs8	144873095	144897943	-2
hs8	144895127	144895212	-2
hs8	144898514	144911211	-2
hs8	144915753	144923145	-2
hs8	144919928	144919988	-2
hs8	144939498	144952635	-2
hs8	144989321	145013765	-2
hs8	145019359	145019447	-2
hs7	149412102	149431664	-2
hs7	149461271	149470677	-2
hs7	149535464	149564568	-2
hs7	149564783	149570951	-2
hs7	149570057	149577801	-2
hs7	149578448	149918189	-2
hs7	150019750	150035245	-2
hs7	150026938	150029810	-2
hs7	150035418	150038718	-2
hs7	150065911	150071128	-2
hs7	150076419	150095718	-2
hs7	150102840	150109558	-2
hs7	150646517	150652892	-2
hs7	150690870	150701028	-2
hs7	150712239	150721586	-2
hs7	150725537	150744869	-2
hs7	150745379	150749843	-2
hs7	150750902	150754984	-2
hs7	150759634	150773614	-2
hs7	150773708	150777970	-2
hs7	150778172	150780106	-2
hs7	150782954	150841521	-2
hs7	157129698	157210133	-2
hs7	157258925	157292410	-2
hs7	157331750	158380515	-2
hs7	157367028	157367114	-2
hs6	168418553	168445769	-2
hs6	168456464	168482237	-2
hs6	169857303	170102159	-2
hs6	170102222	170106456	-2
hs6	170103998	170124596	-2
hs6	170149606	170151668	-2
hs6	170151718	170181696	-2
hs6	170188886	170198921	-2
hs6	170190169	170202969	-2
hs6	170475866	170478251	-2
hs6	170563422	170571657	-2
hs6	170575757	170585850	-2
hs6	170581562	170588554	-2
hs6	170591294	170600166	-2
hs6	170615810	170716159	-2
hs6	170639849	170639932	-2
hs6	170844208	170862395	-2
hs6	170863421	170881958	-2
hs6	170887570	170893725	-2
hs5	179921379	180005357	-2
hs5	180017105	180018499	-2
hs5	180028506	180076600	-2
hs2	220236765	220252634	-2
hs2	220283099	220291456	-2
hs2	220325534	220331584	-2
hs2	220363613	220371711	-2
hs2	220379204	220403494	-2
hs2	220403669	220407819	-2
hs2	220408385	220415317	-2
hs2	220413795	220413869	-2
hs2	220426444	220436261	-2
hs2	220437032	220440433	-2
hs2	220462579	220481173	-2
hs2	220492292	220506702	-2
hs2	232826423	233209060	-2
hs2	233243461	233247599	-2
hs2	233250460	233251754	-2
hs2	233320863	233325463	-2
hs2	233344537	233352544	-2
hs2	233385098	233390425	-2
hs2	233390870	233401375	-2
hs2	238875587	239008054	-2
hs2	238969642	239008054	-2
hs2	239036031	239041928	-2
hs2	239047309	239061586	-2
hs2	241375080	241407493	-2
hs2	241395418	241395506	-2
hs2	241418839	241500481	-2
hs2	241499471	241503431	-2
hs2	241507901	241520789	-2
hs2	241526151	241538521	-2
hs2	241544847	241570670	-2
hs2	241615835	241622302	-2
hs2	241631283	241637900	-2
hs2	241653184	241759636	-2
hs2	241808241	241819917	-2
hs2	241938035	242034983	-2
hs2	242011583	242041702	-2
hs2	242045514	242088887	-2
hs2	242089073	242123065	-2
hs2	242128092	242135580	-2
hs2	242166679	242212301	-2
hs2	242295700	242405443	-2
hs2	242417320	242417397	-2
hs2	242432085	242447999	-2
hs2	242483801	242498558	-2
hs2	242498160	242513546	-2
hs2	242523820	242556916	-2
hs2	242577108	242613271	-2
hs2	242615162	242626230	-2
hs2	242641454	242663453	-2
hs2	242674045	242708226	-2
hs2	242716237	242743702	-2
hs2	242752491	242758739	-2
hs2	242792036	242801046	-2
hs2	242811881	242815975	-2
hs2	242823514	243020873	-2
hs21	45553565	45561297	-2
hs21	45670696	45671404	-2
hs1	0	2300000	-2
hs1	0	2300000	-2
hs1	0	2300000	-2
hs1	0	2300000	-2
hs1	0	2300000	-2
hs1	0	2300000	-2
hs1	0	2300000	-2
hs1	0	2300000	-2
hs1	0	2300000	-2
hs1	0	2300000	-2
hs1	0	2300000	-2
hs1	0	2300000	-2
hs1	0	2300000	-2
hs1	0	2300000	-2
hs9	21967138	21967753	-2
hs14	73800000	79300000	-2
hs14	105957586	105965585	-2
hs16	728518	729777	-2
hs19	50412231	50432761	-2
hs1	22959751	22959859	-2
hs3	44200000	50600000	-2
hs3	50333833	50336836	-2
hs7	149473131	149531053	-2
hs8	144779285	144780583	-2
hs8	139900000	146364022	-2
hs8	144685380	144691745	-2
hs8	144694788	144699719	-2
hs11	767223	777487	-2
hs11	0	2800000	-2
hs11	1049880	1055764	-2
hs11	0	2800000	-2
hs11	61521501	61525136	-2
hs14	105127457	105131895	-2
hs14	105196181	105213662	-2
hs16	420789	431978	-2
hs16	771146	772590	-2
hs16	779765	790997	-2
hs16	89232791	89235555	-2
hs19	1021521	1021626	-2
hs19	1021521	1021627	-2
hs19	1021521	1021626	-2
hs19	1354958	1378428	-2
hs19	2274630	2282174	-2
hs20	60753213	61148768	-2
hs22	17900000	22200000	-2
hs22	20326436	20706786	-2
hs22	50639440	50656045	-2
hs2	220361077	220363009	-2
hs2	231000000	235600000	-2
hs2	241388796	241396117	-2
hs2	241522167	241525733	-2
hs2	241825465	241835573	-2
hs2	241894036	241906868	-2
hs2	237300000	243199373	-2
hs2	242912834	242919427	-2
hs2	242836139	242844736	-2
hs2	243030784	243102476	-2
hs3	46871033	46875313	-2
hs3	129267228	129270310	-2
hs6	164500000	171115067	-2
hs7	331195	334388	-2
hs7	601595	605256	-2
hs7	642482	648139	-2
hs7	1200010	1205594	-2
hs7	0	2800000	-2
hs7	30791751	30932002	-2
hs7	30811033	30932002	-2
hs7	99014362	99063790	-2
hs7	99055781	99063790	-2
hs7	99752046	99756346	-2
hs7	99806559	99869828	-2
hs7	102277472	102283238	-2
hs7	128506384	128512101	-2
hs7	157647277	157658782	-2
hs10	73507314	73533277	-2
hs10	102747300	102754160	-2
hs10	134258693	134261810	-2
hs11	2800000	10700000	-2
hs11	47292208	47293626	-2
hs11	64014526	64015686	-2
hs11	64067830	64072242	-2
hs11	65336691	65337884	-2
hs11	65337948	65339359	-2
hs14	105452616	105460928	-2
hs14	105560484	105565833	-2
hs15	40623653	40633168	-2
hs15	74653893	74654382	-2
hs16	70695107	70719956	-2
hs16	85131964	85146078	-2
hs16	85170756	85183049	-2
hs16	88227887	88228823	-2
hs17	7328935	7330886	-2
hs17	7816642	7819636	-2
hs18	77662420	77711653	-2
hs19	1275529	1279227	-2
hs21	42600000	48129895	-2
hs22	19833669	19842397	-2
hs22	23775751	23777258	-2
hs22	23804273	23829167	-2
hs22	30681106	30685494	-2
hs22	38037839	38054384	-2
hs22	37600000	41000000	-2
hs22	37600000	41000000	-2
hs22	38686697	38794920	-2
hs22	38740670	38794931	-2
hs22	43608680	43609667	-2
hs22	43671948	43679832	-2
hs22	46691040	46692557	-2
hs22	48885365	49147744	-2
hs22	51021455	51033710	-2
