hs1	11874	14409	2
hs1	14362	29370	2
hs1	69091	70008	2
hs5	92283	190081	2
hs11	127134	139117	2
hs1	134773	140566	2
hs5	191610	196449	2
hs11	193078	194575	2
hs11	196761	200258	2
hs5	196983	218268	2
hs11	202924	207422	2
hs11	207511	215175	2
hs11	209336	209406	2
hs11	215030	236362	2
hs5	218435	257197	2
hs11	236976	252984	2
hs5	269671	271639	2
hs5	271761	277055	2
hs11	278407	285388	2
hs11	289126	296107	2
hs11	298201	299526	2
hs11	308107	309410	2
hs11	314040	315272	2
hs11	319676	320860	2
hs5	322725	438397	2
hs16	337440	402723	2
hs1	367659	368597	2
hs11	369499	382117	2
hs11	392596	404908	2
hs11	405716	417397	2
hs16	416969	420538	2
hs11	417938	442011	2
hs16	432241	442960	2
hs5	441951	443275	2
hs5	443291	467404	2
hs16	447199	450754	2
hs11	450279	491399	2
hs16	451885	462482	2
hs5	470571	524564	2
hs5	470625	473080	2
hs11	494515	506768	2
hs16	524924	573011	2
hs11	532242	535576	2
hs5	535955	535997	2
hs11	537527	554912	2
hs11	554850	560738	2
hs11	560970	564025	2
hs1	562760	564389	2
hs11	565657	568457	2
hs11	568089	568198	2
hs11	573808	575885	2
hs11	576470	612222	2
hs16	576847	577407	2
hs16	577712	604636	2
hs16	585316	585368	2
hs16	593277	593366	2
hs5	602284	612325	2
hs16	610394	615529	2
hs5	612455	653666	2
hs11	612555	615950	2
hs11	616565	624955	2
hs16	617005	619495	2
hs16	619968	634138	2
hs11	626309	627181	2
hs11	637269	640705	2
hs16	639669	679273	2
hs11	644220	695754	2
hs5	659977	693467	2
hs1	661139	714014	2
hs16	680985	684117	2
hs16	684430	686305	2
hs16	691828	698474	2
hs11	695816	704129	2
hs16	698458	699313	2
hs16	699365	717830	2
hs11	706231	727727	2
hs16	718132	724171	2
hs16	726064	728268	2
hs16	730410	732801	2
hs16	731670	734334	2
hs16	734622	740398	2
hs16	742500	755801	2
hs11	747464	765012	2
hs1	752751	755214	2
hs1	761586	762902	2
hs1	762971	794826	2
hs16	765118	769655	2
hs7	766336	826112	2
hs16	772582	776443	2
hs16	777106	779715	2
hs11	777578	784284	2
hs11	787115	790090	2
hs11	790475	796238	2
hs5	795720	851101	2
hs11	799184	805231	2
hs1	803451	812182	2
hs11	809967	812876	2
hs16	811073	818865	2
hs11	811681	811814	2
hs11	818914	825571	2
hs16	820183	820277	2
hs11	828260	831991	2
hs11	832952	838835	2
hs16	834974	838381	2
hs16	838620	848074	2
hs11	839721	842529	2
hs11	842941	867116	2
hs16	848041	850734	2
hs1	852198	855072	2
hs16	855443	863861	2
hs7	856280	914571	2
hs1	861111	879954	2
hs5	863850	892637	2
hs11	867859	910810	2
hs1	879583	894636	2
hs5	892999	918235	2
hs1	895964	901099	2
hs1	901862	911245	2
hs16	903636	1031613	2
hs1	910578	917473	2
hs7	916191	936073	2
hs11	925870	1012240	2
hs1	934344	935477	2
hs7	937537	995043	2
hs1	948877	949919	2
hs1	955500	991494	2
hs16	971033	984524	2
hs5	987292	997455	2
hs7	1004488	1015185	2
hs1	1006347	1009686	2
hs5	1008917	1039058	2
hs11	1012823	1036718	2
hs1	1017203	1051469	2
hs7	1022817	1029276	2
hs16	1031770	1036979	2
hs7	1036642	1068005	2
hs5	1050499	1112178	2
hs7	1062569	1062662	2
hs5	1063011	1063089	2
hs1	1072397	1079434	2
hs11	1074875	1104416	2
hs7	1095006	1098897	2
hs1	1102484	1102578	2
hs1	1103243	1103332	2
hs1	1104385	1104467	2
hs1	1109260	1133315	2
hs16	1114081	1128731	2
hs16	1128826	1131454	2
hs16	1138226	1146244	2
hs1	1138888	1141972	2
hs1	1146720	1149533	2
hs11	1151580	1222364	2
hs1	1152311	1167381	2
hs1	1167617	1170420	2
hs5	1173211	1178720	2
hs1	1177833	1182102	2
hs1	1189292	1209234	2
hs5	1201710	1225226	2
hs16	1203241	1271772	2
hs1	1215816	1227405	2
hs5	1225496	1246304	2
hs1	1227771	1243310	2
hs1	1231490	1231550	2
hs1	1243960	1247057	2
hs11	1244296	1283402	2
hs1	1246965	1260067	2
hs1	1247882	1247946	2
hs5	1253263	1295183	2
hs1	1260182	1264276	2
hs1	1266660	1270694	2
hs1	1270658	1284798	2
hs16	1271651	1275268	2
hs1	1275030	1275088	2
hs11	1277835	1277900	2
hs16	1278336	1280185	2
hs1	1288071	1297179	2
hs16	1290706	1292555	2
hs11	1295601	1330862	2
hs5	1309425	1309492	2
hs5	1317867	1345214	2
hs11	1330938	1331937	2
hs5	1363697	1380188	2
hs5	1392911	1445555	2
hs11	1411164	1483919	2
hs5	1461542	1524075	2
hs7	1473995	1499106	2
hs11	1490687	1508009	2
hs7	1509913	1544025	2
hs5	1510877	1510971	2
hs7	1570338	1582679	2
hs5	1572073	1594646	2
hs11	1575281	1593501	2
hs7	1581871	1595841	2
hs11	1593971	1620414	2
hs5	1597672	1634120	2
hs11	1605572	1606513	2
hs11	1618407	1619524	2
hs11	1628795	1629693	2
hs11	1642188	1643368	2
hs11	1651033	1652159	2
hs11	1686829	1689086	2
hs11	1704500	1706859	2
hs5	1708900	1708983	2
hs11	1718425	1718985	2
hs11	1753636	1771825	2
hs11	1773985	1785157	2
hs5	1798499	1799951	2
hs5	1801521	1816162	2
hs11	1855657	1858751	2
hs11	1861437	1862908	2
hs16	1877225	1890203	2
hs5	1877541	1887293	2
hs11	1880694	1880766	2
hs16	1883987	1922165	2
hs5	1887445	1900604	2
hs11	1892154	1913493	2
hs11	1901275	1901377	2
hs11	1917989	1929589	2
hs16	1928286	1934232	2
hs11	1940933	1959932	2
hs16	1961476	1968416	2
hs11	1968562	1977829	2
hs11	1970561	1970706	2
hs16	1988230	1993200	2
hs16	1993975	2004690	2
hs11	2004439	2011150	2
hs16	2009539	2011976	2
hs16	2012059	2014827	2
hs11	2012326	2014699	2
hs16	2012335	2012467	2
hs16	2012974	2013107	2
hs16	2014997	2015505	2
hs16	2015185	2015311	2
hs11	2016406	2019105	2
hs16	2016857	2018950	2
hs11	2017989	2018061	2
hs16	2022054	2032920	2
hs16	2028918	2031470	2
hs16	2034194	2037750	2
hs16	2039971	2044276	2
hs16	2047655	2059822	2
hs16	2069786	2070756	2
hs16	2083295	2089027	2
hs16	2089821	2097835	2
hs16	2097986	2139491	2
hs16	2138709	2185899	2
hs16	2140196	2140285	2
hs16	2141437	2145018	2
hs11	2150347	2162173	2
hs11	2150347	2182439	2
hs11	2155364	2155439	2
hs11	2161742	2169896	2
hs11	2181009	2182439	2
hs16	2183120	2183205	2
hs11	2185159	2193045	2
hs16	2185978	2186130	2
hs11	2194293	2194368	2
hs16	2198145	2204162	2
hs16	2204783	2205359	2
hs16	2205024	2205106	2
hs16	2205783	2228130	2
hs16	2227181	2246606	2
hs16	2255455	2259454	2
hs16	2259254	2261069	2
hs11	2289728	2291818	2
hs11	2316860	2324370	2
hs11	2323243	2339434	2
hs11	2349979	2399222	2
hs11	2398540	2418627	2
hs11	2421980	2425106	2
hs11	2425746	2444275	2
hs11	2482684	2870340	2
hs11	2629558	2721228	2
hs11	2861365	2882799	2
hs11	2891263	2893336	2
hs11	2904448	2907005	2
hs11	2908575	2924805	2
hs11	2920921	2946476	2
hs11	2949503	2950650	2
hs11	2965667	3013559	2
hs11	2985001	2985123	2
hs11	3108337	3186540	2
hs19	3359628	3469215	2
hs19	3473984	3480523	2
hs19	3490822	3500672	2
hs19	3522954	3536755	2
hs19	3539155	3544028	2
hs19	3544197	3557584	2
hs19	3572942	3579081	2
hs19	3585476	3593539	2
hs19	3594505	3606873	2
hs19	3607245	3613928	2
hs19	3610643	3626813	2
hs19	3630181	3700466	2
hs19	3721735	3750811	2
hs8	4517689	4517708	2
hs7	5346423	5463177	2
hs7	5528808	5553440	2
hs7	5535450	5535548	2
hs7	5553485	5565176	2
hs7	5566779	5570232	2
hs7	5632447	5646286	2
hs12	6058045	6233836	2
hs12	6309112	6347432	2
hs12	6422299	6437672	2
hs12	6437938	6451242	2
hs12	6456009	6486523	2
hs12	6484326	6500732	2
hs1	9299906	9331394	2
hs1	9352953	9429590	2
hs1	10535007	10690815	2
hs1	10707268	10856703	2
hs11	11863519	11983434	2
hs11	11984543	12030629	2
hs11	12132137	12285331	2
hs11	12185230	12185314	2
hs11	12308447	12383685	2
hs11	12399118	12556903	2
hs9	12693385	12710285	2
hs11	12695968	12966284	2
hs9	12699999	12814388	2
hs9	12775019	12823059	2
hs9	14081842	14314045	2
hs16	15227923	15228007	2
hs16	15227932	15228002	2
hs12	15699545	15751265	2
hs12	15773071	15942322	2
hs9	16409501	16870668	2
hs7	16899036	16921607	2
hs7	17338276	17385771	2
hs20	17474550	17539478	2
hs20	17550720	17590564	2
hs20	17594324	17662887	2
hs22	19705992	19712297	2
hs22	19711062	19712294	2
hs22	19744226	19771112	2
hs22	19770746	19842397	2
hs22	19863045	19929341	2
hs22	19939041	19957498	2
hs22	19951276	19951357	2
hs22	19957419	20004346	2
hs22	20008592	20054687	2
hs22	20020662	20020743	2
hs22	20067755	20099401	2
hs22	20073269	20073356	2
hs22	20073581	20073665	2
hs22	20099398	20104749	2
hs22	20102209	20102274	2
hs22	20105268	20114878	2
hs22	20119327	20135530	2
hs22	20135939	20138578	2
hs22	20186252	20192441	2
hs22	20193855	20196060	2
hs22	20228938	20255841	2
hs22	20236657	20236734	2
hs22	20301761	20307583	2
hs2	20646835	20649201	2
hs12	20725013	20841517	2
hs2	20790535	20792308	2
hs2	20817578	20850858	2
hs12	21917889	21927640	2
hs12	21950324	22094360	2
hs1	22138758	22151716	2
hs1	22148737	22263803	2
hs1	22303515	22315847	2
hs1	22328150	22339035	2
hs7	26706681	26897342	2
hs14	26912296	27067239	2
hs7	27132614	27135619	2
hs7	27135713	27139877	2
hs7	27139973	27142302	2
hs7	27146629	27159214	2
hs7	27161538	27168379	2
hs7	27168144	27170376	2
hs7	27180671	27183300	2
hs7	27185015	27187393	2
hs7	27186782	27195547	2
hs7	27193338	27196294	2
hs7	27202057	27205156	2
hs7	27202057	27219880	2
hs7	27208518	27211534	2
hs7	27209099	27209182	2
hs7	27210224	27213939	2
hs7	27220776	27224851	2
hs7	27225027	27228912	2
hs7	27233990	27239710	2
hs7	27240040	27246878	2
hs7	30791751	30797218	2
hs16	30886781	30906539	2
hs16	30899116	30905398	2
hs16	30905224	30905306	2
hs16	30907935	30914881	2
hs16	30930640	30934590	2
hs16	30935896	30960104	2
hs7	30951468	30965131	2
hs16	30960389	30966259	2
hs16	30969075	30995983	2
hs16	30996528	31000468	2
hs16	31000577	31021959	2
hs16	31044812	31051488	2
hs16	31072164	31076409	2
hs16	31085743	31095517	2
hs16	31094745	31100130	2
hs16	31102163	31106320	2
hs16	31119707	31124112	2
hs16	31128985	31142680	2
hs1	31342313	31381605	2
hs14	32544625	32545905	2
hs14	32546510	32628934	2
hs14	32798504	33306889	2
hs9	33732973	33738414	2
hs9	33795559	33799229	2
hs9	33817158	33920397	2
hs9	33921691	33934362	2
hs9	33934295	33934373	2
hs9	33952762	33952852	2
hs9	34086385	34126696	2
hs9	34179003	34252521	2
hs9	34252378	34329266	2
hs9	34329567	34343697	2
hs9	34379018	34381587	2
hs9	34398182	34458568	2
hs9	34458750	34520987	2
hs9	34521041	34522988	2
hs9	34551431	34589722	2
hs9	34568010	34583070	2
hs9	34610492	34612094	2
hs9	34613543	34620492	2
hs9	34621046	34628083	2
hs9	34634719	34637823	2
hs9	34646672	34651032	2
hs9	34652182	34661898	2
hs9	34661887	34662654	2
hs9	34664160	34666042	2
hs9	34689567	34691273	2
hs9	34709002	34710133	2
hs9	34723050	34729485	2
hs9	34830264	34838583	2
hs9	34889064	34895761	2
hs9	34958282	34982541	2
hs9	34989742	34998897	2
hs9	35041092	35045988	2
hs9	35056063	35072665	2
hs9	35073836	35079939	2
hs9	35088685	35096546	2
hs9	35099773	35103192	2
hs9	35104114	35115859	2
hs9	35162006	35405335	2
hs9	35406752	35451105	2
hs9	35490108	35561891	2
hs9	35561828	35563875	2
hs9	35605259	35610030	2
hs9	35608091	35608156	2
hs9	35609979	35618410	2
hs9	35646267	35647472	2
hs9	35649292	35650928	2
hs22	35653486	35691800	2
hs9	35657748	35658015	2
hs9	35658289	35661505	2
hs9	35659340	35665192	2
hs9	35673925	35681154	2
hs9	35682923	35690053	2
hs22	35695887	35743966	2
hs9	35696945	35732192	2
hs9	35710673	35710738	2
hs22	35731633	35731751	2
hs9	35732663	35736996	2
hs22	35732714	35732792	2
hs9	35732919	35732992	2
hs9	35736863	35749225	2
hs9	35749284	35758574	2
hs9	35752988	35754273	2
hs22	35777089	35790200	2
hs9	35791588	35809728	2
hs22	35796133	35821424	2
hs9	35807782	35812259	2
hs9	35812957	35815039	2
hs9	35816405	35828729	2
hs9	35829222	35847232	2
hs9	35869460	35870398	2
hs9	35906199	35907133	2
hs20	35918058	35945663	2
hs22	35936878	35950045	2
hs9	35957105	35958151	2
hs20	35973088	36033835	2
hs22	36002811	36019401	2
hs9	36036910	36086280	2
hs22	36044493	36064451	2
hs13	36047926	36050826	2
hs13	36050946	36246873	2
hs22	36113919	36125529	2
hs22	36134783	36236511	2
hs9	36136533	36163910	2
hs9	36169385	36171331	2
hs9	36190918	36212056	2
hs9	36214439	36258445	2
hs9	36336399	36400266	2
hs22	36585176	36600879	2
hs22	36622255	36636000	2
hs22	36649179	36663571	2
hs22	36677326	36784012	2
hs22	36682893	36682953	2
hs22	36863093	36877687	2
hs5	36876871	37065921	2
hs22	37678549	37711382	2
hs22	37736685	37823505	2
hs22	37748231	37750879	2
hs22	37865101	37882422	2
hs22	37886400	37915422	2
hs22	37956487	37965410	2
hs22	37966255	37976094	2
hs22	38005047	38029571	2
hs22	38035676	38052124	2
hs22	38054730	38062939	2
hs22	38071643	38075809	2
hs22	38082350	38089481	2
hs22	38142241	38155961	2
hs22	38203912	38213183	2
hs22	38219389	38221492	2
hs22	38226862	38245325	2
hs22	38240279	38240378	2
hs22	38243685	38243781	2
hs22	38245426	38285414	2
hs22	38302304	38338829	2
hs22	38339057	38349608	2
hs22	38349706	38437922	2
hs22	38363570	38363631	2
hs22	38368319	38380562	2
hs22	38384801	38384860	2
hs22	38453262	38471708	2
hs22	38474144	38480191	2
hs22	38480908	38506691	2
hs22	38507502	38577837	2
hs22	38597939	38612517	2
hs22	38615298	38669016	2
hs22	38620486	38620727	2
hs22	38686697	38714089	2
hs5	38693315	38845931	2
hs22	38822333	38851205	2
hs5	38845960	38886841	2
hs22	38864067	38877637	2
hs5	38938023	39074501	2
hs13	40229764	40326765	2
hs13	40238171	40238272	2
hs2	40324410	40679230	2
hs22	42556019	42666659	2
hs22	42665759	42670868	2
hs22	42760406	42765214	2
hs22	42776414	42828409	2
hs22	42896585	42908566	2
hs22	42904350	42915802	2
hs22	42949962	42970388	2
hs22	42969266	42978017	2
hs22	42979727	43010889	2
hs22	43011251	43011399	2
hs22	43013846	43040640	2
hs22	43088118	43117307	2
hs22	43192509	43253279	2
hs22	43265779	43411155	2
hs22	43435523	43485434	2
hs22	43506756	43525718	2
hs22	43528212	43539403	2
hs22	43547565	43559248	2
hs22	43562628	43583140	2
hs22	43593286	43739378	2
hs22	46316246	46373042	2
hs22	46402496	46406657	2
hs22	46435787	46440748	2
hs22	46444411	46450105	2
hs22	46449726	46454402	2
hs22	46481877	46509808	2
hs22	46486924	46487006	2
hs22	46508629	46508702	2
hs22	46509446	46509537	2
hs22	46509566	46509648	2
hs21	46683850	46707810	2
hs22	46757071	46933517	2
hs21	46758505	46761905	2
hs21	46827301	46829980	2
hs21	46839631	46844985	2
hs21	46875436	46933634	2
hs21	46898180	46898240	2
hs22	47016283	47075682	2
hs22	47080307	47134149	2
hs21	47392884	47394867	2
hs21	47401684	47424962	2
hs21	47518026	47552762	2
hs21	47556176	47575493	2
hs21	47581074	47604373	2
hs21	47608360	47648738	2
hs17	48050130	48052323	2
hs17	48067369	48072588	2
hs17	48133474	48167845	2
hs17	48172639	48183737	2
hs8	48173470	48648563	2
hs17	48187404	48207524	2
hs17	48211101	48228038	2
hs17	48243366	48253289	2
hs17	48261462	48278992	2
hs17	48348767	48358846	2
hs17	48358942	48365216	2
hs17	48423487	48438546	2
hs17	48445228	48450545	2
hs17	48450581	48458820	2
hs17	48458599	48474884	2
hs17	48541857	48546241	2
hs17	48545690	48552206	2
hs17	48556161	48563341	2
hs17	48585800	48608862	2
hs17	48610096	48621111	2
hs17	48614655	48616115	2
hs17	48624450	48633213	2
hs17	48633568	48639469	2
hs17	48638076	48704832	2
hs8	48649475	48650726	2
hs17	48712242	48745288	2
hs17	48770559	48785275	2
hs17	48796926	48830072	2
hs20	48801140	48808606	2
hs20	48807120	48809227	2
hs17	48846011	48846091	2
hs20	48909257	48931456	2
hs17	48912947	48919714	2
hs20	48927248	48937879	2
hs17	48939587	48943715	2
hs17	48944040	48945732	2
hs17	49039535	49124239	2
hs20	49126858	49201300	2
hs20	49202323	49202416	2
hs20	49231173	49231322	2
hs20	49348117	49370278	2
hs22	50528685	50600116	2
hs22	50609160	50618724	2
hs22	50624342	50638023	2
hs22	50656123	50683452	2
hs22	50683613	50689694	2
hs22	50691330	50700112	2
hs22	50702142	50708809	2
hs22	50713408	50746075	2
hs5	52083750	52099878	2
hs5	52083750	52255039	2
hs5	52285182	52390609	2
hs12	52347164	52390863	2
hs12	52431499	52453291	2
hs12	52463758	52471279	2
hs12	52487353	52502103	2
hs12	52562780	52585798	2
hs12	52604714	52617665	2
hs12	52627027	52642705	2
hs12	52668429	52702947	2
hs12	52679697	52685318	2
hs16	55513110	55540603	2
hs16	55542984	55620578	2
hs16	55600596	55601596	2
hs17	55912142	55927405	2
hs17	55938604	55980750	2
hs17	56048914	56065615	2
hs5	58264867	58883451	2
hs20	58296265	58422766	2
hs20	58438627	58508692	2
hs5	58999432	58999529	2
hs14	59655385	59838121	2
hs20	60813577	60871239	2
hs20	60877952	60883918	2
hs20	60884121	60942368	2
hs20	60907543	60907613	2
hs20	60928066	60931534	2
hs20	60962159	60963576	2
hs20	60963686	60982339	2
hs20	60985293	61002595	2
hs20	61038553	61051051	2
hs20	61147660	61167971	2
hs20	61151513	61151583	2
hs20	61162119	61162220	2
hs11	61197596	61214204	2
hs11	61248592	61258400	2
hs20	61273855	61303645	2
hs11	61276068	61276129	2
hs11	61276221	61278490	2
hs11	61281188	61348344	2
hs20	61294379	61297973	2
hs20	61340188	61394123	2
hs11	61355966	61375018	2
hs11	61382508	61406921	2
hs20	61405473	61408208	2
hs20	61427825	61433081	2
hs20	61431979	61436939	2
hs20	61436187	61445352	2
hs11	61447863	61514473	2
hs11	61520108	61555990	2
hs11	62186505	62190667	2
hs11	62283374	62314278	2
hs8	62413115	62602370	2
hs8	62627347	62627418	2
hs2	62727354	62733330	2
hs2	62932787	63273621	2
hs2	63271101	63274846	2
hs11	63706803	63724791	2
hs11	63742092	63744015	2
hs11	63753325	63765892	2
hs11	63766030	63933585	2
hs11	63803403	63886643	2
hs11	63953643	63972015	2
hs11	63975178	63991363	2
hs11	63991288	63993658	2
hs11	63993746	63997488	2
hs11	63997753	64001753	2
hs11	64002056	64006736	2
hs11	64009588	64011607	2
hs11	64011951	64014415	2
hs5	64013977	64064518	2
hs11	64019002	64036924	2
hs11	64037302	64052137	2
hs11	64052315	64056966	2
hs11	64059194	64072241	2
hs11	64059195	64067503	2
hs5	64064745	64142516	2
hs11	64073699	64084212	2
hs11	64083932	64085031	2
hs11	64085593	64089283	2
hs11	64107676	64125006	2
hs11	64109321	64109376	2
hs11	64126634	64139687	2
hs11	64136074	64136175	2
hs16	67381258	67419109	2
hs16	67423712	67427401	2
hs16	67428055	67450380	2
hs16	67465024	67471454	2
hs16	67471922	67515060	2
hs11	68080059	68216743	2
hs14	68286496	69062742	2
hs10	68653868	68771911	2
hs11	68658746	68671300	2
hs11	68671359	68708069	2
hs11	68747490	68748455	2
hs11	68771862	68780850	2
hs10	68772024	68861309	2
hs11	68779822	68785916	2
hs11	68816400	68858065	2
hs11	68850644	68850726	2
hs11	68914696	68939030	2
hs10	68935248	69425418	2
hs11	69061622	69064754	2
hs14	69092244	69095504	2
hs10	69163109	69163168	2
hs11	69240423	69244392	2
hs14	69254372	69262960	2
hs11	69300329	69308311	2
hs14	69340845	69446019	2
hs14	69446399	69454180	2
hs14	69517637	69619316	2
hs16	70613798	70694585	2
hs16	70721342	70835061	2
hs10	71038252	71161637	2
hs10	71163659	71176674	2
hs10	71211221	71267422	2
hs17	71244588	71258019	2
hs17	71279763	71308140	2
hs17	71330523	71640584	2
hs10	71331454	71333178	2
hs10	71561662	71718900	2
hs10	71872028	71892581	2
hs10	71897737	71906456	2
hs10	71907045	71930270	2
hs10	71962591	71993185	2
hs10	72007085	72043760	2
hs10	72058731	72142381	2
hs10	72163901	72188374	2
hs10	72191692	72201437	2
hs10	72238523	72328206	2
hs10	72357104	72362544	2
hs10	72432262	72522195	2
hs10	72530994	72542122	2
hs10	72575704	72640932	2
hs10	72643267	72648322	2
hs10	72972327	73062619	2
hs11	72976281	73009670	2
hs10	72976981	72977985	2
hs7	73007532	73038852	2
hs11	73019321	73080433	2
hs10	73079010	73123147	2
hs7	73082161	73086440	2
hs7	73095248	73097783	2
hs7	73113540	73133999	2
hs7	73125647	73125727	2
hs7	73149399	73150330	2
hs7	73150425	73153197	2
hs7	73183327	73184600	2
hs7	73245326	73247019	2
hs7	73442503	73484236	2
hs10	73471458	73497607	2
hs7	73507547	73536855	2
hs10	73550504	73550557	2
hs10	73571640	73575704	2
hs10	73576055	73611008	2
hs7	73588686	73611426	2
hs7	73605528	73605624	2
hs7	73624336	73644164	2
hs7	73645832	73668788	2
hs7	73703737	73820265	2
hs10	73724153	73773314	2
hs10	73845984	73848790	2
hs10	73855790	73976892	2
hs7	73868236	74016920	2
hs10	73975758	73995618	2
hs10	74033682	74035794	2
hs10	74092593	74114677	2
hs10	74127084	74385949	2
hs11	74303627	74354120	2
hs11	74407474	74442471	2
hs10	74451889	74647452	2
hs10	74480787	74480858	2
hs10	74653497	74692794	2
hs10	74694520	74714564	2
hs10	74766980	74856732	2
hs10	74870213	74891581	2
hs10	74894282	74927853	2
hs10	74927877	75004262	2
hs10	75001714	75007013	2
hs10	75008607	75012402	2
hs10	75012499	75014104	2
hs10	75013521	75118622	2
hs10	75134859	75173816	2
hs10	75183337	75193319	2
hs10	75203538	75255782	2
hs10	75255510	75267067	2
hs10	75257296	75351100	2
hs10	75391370	75401232	2
hs10	75404644	75410798	2
hs10	75434033	75461086	2
hs10	75458909	75490272	2
hs9	75486645	75489025	2
hs10	75490320	75491529	2
hs10	75504130	75531919	2
hs9	75515587	75567969	2
hs10	75532049	75535976	2
hs10	75541806	75543410	2
hs10	75545364	75561551	2
hs10	75556272	75561157	2
hs10	75561674	75571356	2
hs10	75575625	75634313	2
hs10	75669727	75682535	2
hs10	75670890	75677252	2
hs10	75757874	75881121	2
hs9	75766781	75785309	2
hs10	75880013	75910586	2
hs10	75910979	76469048	2
hs17	76108999	76128508	2
hs17	76126852	76139049	2
hs17	76142466	76162375	2
hs17	76164626	76169045	2
hs17	76170172	76183133	2
hs17	76183398	76193641	2
hs17	76210334	76221716	2
hs17	76227374	76237068	2
hs10	76266256	76289082	2
hs17	76352862	76356158	2
hs17	76356529	76369990	2
hs17	76374730	76420740	2
hs17	76419778	76573478	2
hs17	76480992	76499138	2
hs10	76586171	76792380	2
hs17	76670129	76719832	2
hs10	76672544	76696160	2
hs17	76791734	76836896	2
hs17	76849059	76921469	2
hs10	76854190	76859244	2
hs10	76871414	76941881	2
hs17	76886661	76899283	2
hs17	76967337	76976005	2
hs10	76969912	76991206	2
hs17	76987798	77005846	2
hs10	76993399	76995715	2
hs17	77015291	77023737	2
hs17	77021707	77045870	2
hs10	77039484	77161652	2
hs10	77056141	77121436	2
hs17	77070906	77084681	2
hs17	77085427	77478680	2
hs10	77163635	77168740	2
hs10	77168915	77171082	2
hs10	77312216	77312311	2
hs10	77472213	77503606	2
hs17	77680985	77681058	2
hs17	77704705	77716018	2
hs17	77751977	77756331	2
hs17	77765931	77770876	2
hs17	77806955	77813239	2
hs17	77917652	77924652	2
hs17	78010431	78064620	2
hs17	78072627	78072676	2
hs17	78075380	78093680	2
hs17	78108169	78120927	2
hs17	78161599	78172723	2
hs17	78183075	78194132	2
hs17	78194226	78227299	2
hs17	78234651	78295262	2
hs17	78388967	78411884	2
hs17	78393218	78393293	2
hs17	78440634	78450407	2
hs17	78518638	78940168	2
hs10	78647802	78738351	2
hs10	78900589	78909858	2
hs17	78965641	78973933	2
hs17	79008951	79091234	2
hs17	79091096	79105748	2
hs17	79099076	79099173	2
hs17	79099677	79099755	2
hs17	79099683	79099749	2
hs17	79106996	79107108	2
hs10	79110630	79136371	2
hs17	79163396	79196765	2
hs17	79202077	79212855	2
hs17	79202507	79206009	2
hs17	79213714	79215098	2
hs17	79224671	79269107	2
hs17	79276624	79283048	2
hs17	79285065	79304474	2
hs17	79349238	79358925	2
hs17	79369257	79433357	2
hs17	79374516	79374578	2
hs10	79395961	79397566	2
hs17	79418130	79418214	2
hs17	79476997	79479825	2
hs17	79495403	79504156	2
hs17	79506917	79519379	2
hs17	79523913	79533628	2
hs10	79550549	79686513	2
hs17	79609331	79615785	2
hs17	79617489	79623572	2
hs17	79632066	79633635	2
hs17	79633767	79640927	2
hs17	79648195	79650954	2
hs17	79651041	79669151	2
hs17	79660787	79660899	2
hs17	79670397	79674547	2
hs17	79679266	79688046	2
hs10	79686570	79689583	2
hs10	79734907	79789273	2
hs17	79762026	79771884	2
hs17	79780237	79791167	2
hs17	79791368	79792926	2
hs10	79793621	79816564	2
hs17	79801042	79818411	2
hs17	79825597	79829213	2
hs17	79845711	79849463	2
hs17	79849589	79858409	2
hs17	79858834	79869275	2
hs17	79860114	79860781	2
hs17	79869815	79876052	2
hs17	79876146	79885611	2
hs17	79890267	79895176	2
hs17	79897521	79905109	2
hs17	79910383	79919063	2
hs17	79935505	79975282	2
hs17	79976579	79980754	2
hs17	79981181	79989027	2
hs17	79989554	79992080	2
hs17	79993734	79995573	2
hs17	80005778	80009687	2
hs10	80008382	80012402	2
hs17	80009774	80015940	2
hs17	80015382	80023680	2
hs10	80027099	80039970	2
hs17	80036214	80056112	2
hs17	80047836	80048016	2
hs17	80059346	80170718	2
hs17	80193650	80197375	2
hs17	80194544	80194604	2
hs17	80200537	80231626	2
hs17	80272749	80275484	2
hs17	80278900	80291642	2
hs17	80317123	80321651	2
hs17	80329641	80335334	2
hs17	80347086	80376462	2
hs17	80416540	80446143	2
hs17	80477608	80562478	2
hs17	80572438	80606320	2
hs17	80612849	80656574	2
hs17	80626109	80626183	2
hs17	80671784	80674129	2
hs17	80674582	80685889	2
hs17	80693491	80709072	2
hs10	80703083	80827205	2
hs17	80709941	80903790	2
hs17	80787310	80797898	2
hs10	80828723	81076275	2
hs17	80900025	80964864	2
hs17	81039022	81052871	2
hs10	81107225	81115089	2
hs10	81142083	81205380	2
hs17	81174666	81188573	2
hs7	83585093	83824105	2
hs7	84161792	84204159	2
hs16	84733606	84813527	2
hs16	84853591	84943114	2
hs16	85007781	85045141	2
hs16	85061357	85113362	2
hs16	85316564	85321685	2
hs16	85339832	85339931	2
hs16	85645015	85709806	2
hs16	86365456	86379285	2
hs16	86521272	86542466	2
hs16	86544133	86549028	2
hs10	88414314	88426216	2
hs10	88428268	88459807	2
hs10	88516376	88687726	2
hs10	88695298	88717372	2
hs5	89854614	90460254	2
hs8	93725190	93798288	2
hs8	93895762	93978372	2
hs8	94041979	94042067	2
hs10	95066186	95242091	2
hs7	95115213	95158113	2
hs8	95139390	95229506	2
hs7	95212812	95225828	2
hs8	95261485	95274547	2
hs8	95384188	95487343	2
hs8	97506041	97624018	2
hs9	97572244	97572339	2
hs8	97657470	98155729	2
hs9	97827632	97827728	2
hs9	97847490	97847586	2
hs9	97847727	97847823	2
hs9	97848296	97848376	2
hs9	97848303	97848370	2
hs9	97861336	98079991	2
hs8	97964092	98458725	2
hs8	99439186	99445081	2
hs8	99466861	99954838	2
hs14	99876141	99947196	2
hs14	99947746	99978767	2
hs8	99956670	99964326	2
hs14	99966527	100070544	2
hs8	100025502	100133987	2
hs14	100111447	100135611	2
hs14	100150635	100193638	2
hs8	100548864	100548958	2
hs8	100549014	100549089	2
hs9	101494291	101558837	2
hs9	101569952	101612363	2
hs9	101706189	101833069	2
hs11	101981178	102104155	2
hs8	106330666	106816767	2
hs8	106792638	107072731	2
hs8	107670036	107764921	2
hs8	107771711	107782472	2
hs8	108261710	108510146	2
hs13	110705632	110707299	2
hs13	110843088	110959504	2
hs13	110959631	111165556	2
hs13	110993305	110993376	2
hs13	111108744	111115634	2
hs13	111154923	111160526	2
hs13	111175413	111214069	2
hs3	114033347	114343792	2
hs7	114054870	114333820	2
hs13	114462199	114519968	2
hs3	114462292	114462372	2
hs13	114518583	114545814	2
hs13	114523522	114567049	2
hs13	114581601	114586459	2
hs3	114591880	114595361	2
hs13	114598076	114624290	2
hs13	114629487	114631964	2
hs13	114747194	114898098	2
hs3	114819270	114821908	2
hs8	116420724	116681202	2
hs8	116962736	117337297	2
hs11	118443102	118473747	2
hs11	118478330	118528738	2
hs11	118514718	118514797	2
hs11	119981994	119999561	2
hs11	120081740	120101043	2
hs11	120107347	120190654	2
hs11	120120468	120136641	2
hs11	120256036	120360646	2
hs11	120435145	120833687	2
hs7	120590831	120597034	2
hs7	120629445	120901972	2
hs10	122521324	122610691	2
hs10	122610874	122669036	2
hs10	123237844	123353481	2
hs10	123499939	123687978	2
hs10	123687827	123711480	2
hs10	123716606	123734732	2
hs10	123748678	124014057	2
hs10	124030811	124097674	2
hs9	124043046	124047808	2
hs9	124062109	124095120	2
hs9	124101265	124132528	2
hs10	124145585	124202116	2
hs10	124176481	124176583	2
hs10	124214169	124216868	2
hs10	124221069	124274423	2
hs9	124505064	124545154	2
hs8	124510127	124544383	2
hs8	124656683	124666041	2
hs8	124693034	124749633	2
hs12	124773710	124800570	2
hs8	124780679	124827690	2
hs12	124808961	125052158	2
hs12	124821727	124821788	2
hs10	125505155	125651323	2
hs10	125779167	125853114	2
hs10	126085872	126107492	2
hs8	126104102	126379362	2
hs10	126133813	126138604	2
hs10	126150392	126302710	2
hs10	126307861	126432947	2
hs10	126392597	126403329	2
hs10	126630692	126676758	2
hs10	126672886	126694587	2
hs10	126721352	126721439	2
hs7	128349115	128371795	2
hs7	128379413	128413454	2
hs7	128412543	128415844	2
hs7	128432022	128462184	2
hs7	128470460	128499326	2
hs7	128502910	128505901	2
hs7	128516919	128550763	2
hs8	129571274	129576925	2
hs9	129677061	129980091	2
hs9	129849627	129884914	2
hs8	130228713	130253486	2
hs8	130363940	130587264	2
hs9	131709978	131769375	2
hs9	131770072	131790632	2
hs9	131798905	131834361	2
hs9	131843390	131852717	2
hs9	131857073	131873072	2
hs9	131873967	131911225	2
hs9	131937831	131940540	2
hs9	132044695	132047998	2
hs9	132083295	132084882	2
hs9	132099202	132109756	2
hs9	132250939	132275965	2
hs9	132374504	132383055	2
hs9	132388432	132398410	2
hs9	132396884	132404430	2
hs9	132427926	132484951	2
hs9	132475173	132480985	2
hs9	132500628	132515321	2
hs9	132816185	132902443	2
hs8	132916340	133025886	2
hs9	132962679	132999582	2
hs9	133028039	133309510	2
hs9	133320348	133376661	2
hs10	134145697	134166900	2
hs10	134210704	134231358	2
hs10	134351291	134596984	2
hs5	135282593	135290672	2
hs5	135364677	135399507	2
hs5	135416180	135416287	2
hs5	135465202	135470579	2
hs5	135468534	135518421	2
hs9	137271141	137332432	2
hs9	137271257	137271318	2
hs9	137533651	137736688	2
hs9	137541231	137544689	2
hs9	138824815	138853219	2
hs9	138898383	138987135	2
hs9	139088096	139093520	2
hs9	139098183	139137658	2
hs9	139141819	139166855	2
hs9	139216998	139221779	2
hs9	139247509	139254057	2
hs9	139253935	139258196	2
hs9	139258408	139268121	2
hs9	139270021	139292889	2
hs9	139305025	139318213	2
hs9	139323073	139334297	2
hs9	139334557	139377492	2
hs9	139377462	139380519	2
hs9	139388885	139440500	2
hs9	139414020	139414078	2
hs9	139440625	139440711	2
hs9	139442294	139444196	2
hs9	139506480	139511633	2
hs9	139543062	139554873	2
hs9	139560220	139567130	2
hs9	139565054	139565138	2
hs9	139567595	139581909	2
hs9	139619684	139622636	2
hs9	139620556	139620689	2
hs9	139621199	139621331	2
hs9	139632625	139637392	2
hs9	139638470	139642977	2
hs9	139640613	139644363	2
hs9	139641345	139641422	2
hs9	139648840	139652731	2
hs9	139654086	139658970	2
hs9	139685796	139687769	2
hs9	139690790	139702193	2
hs9	139698379	139703300	2
hs9	139702400	139728928	2
hs9	139725409	139725475	2
hs9	139743861	139745476	2
hs9	139746798	139755251	2
hs9	139756571	139760760	2
hs9	139780968	139821059	2
hs9	139781185	139781255	2
hs9	139834887	139839190	2
hs9	139839695	139841427	2
hs9	139846725	139849949	2
hs9	139871956	139876194	2
hs9	139877445	139880210	2
hs9	139889060	139891020	2
hs9	139901686	139923374	2
hs9	139921916	139931234	2
hs9	139924626	139926540	2
hs9	139933915	139940629	2
hs9	139942559	139948513	2
hs9	139956579	139965009	2
hs9	139971969	139978990	2
hs9	139981437	140003635	2
hs9	140004998	140009185	2
hs9	140033606	140063208	2
hs9	140063210	140064503	2
hs9	140063638	140063722	2
hs9	140065310	140066508	2
hs9	140069236	140083012	2
hs9	140083128	140084817	2
hs9	140086071	140095193	2
hs9	140098535	140100100	2
hs9	140100152	140113813	2
hs9	140114699	140115775	2
hs9	140119626	140120767	2
hs9	140121954	140124092	2
hs9	140125385	140131006	2
hs9	140135739	140138159	2
hs9	140138052	140142203	2
hs9	140144671	140147949	2
hs9	140145738	140147935	2
hs9	140149779	140167993	2
hs9	140172178	140177093	2
hs9	140194083	140196723	2
hs9	140260597	140317614	2
hs9	140317845	140328858	2
hs9	140328816	140335809	2
hs9	140342023	140353786	2
hs9	140344478	140344538	2
hs9	140354404	140444854	2
hs9	140446331	140447007	2
hs9	140448896	140473377	2
hs9	140476533	140484964	2
hs8	141667999	142011381	2
hs8	141742663	141742752	2
hs8	142138688	142205903	2
hs8	142222027	142238673	2
hs8	142264666	142266916	2
hs8	142350648	142354720	2
hs8	142366574	142377386	2
hs8	142431488	142442554	2
hs8	142443929	142517330	2
hs8	142867603	142867674	2
hs8	143293441	143484543	2
hs8	143531010	143626368	2
hs8	143692410	143695840	2
hs8	143719949	143722024	2
hs8	143738874	143751385	2
hs8	143751715	143764143	2
hs8	143781529	143785584	2
hs8	143808641	143818345	2
hs8	143822367	143823824	2
hs8	143831568	143833950	2
hs8	143852615	143857947	2
hs8	143866298	143867955	2
hs8	143916217	143928267	2
hs8	143953773	143961241	2
hs8	143991975	143999259	2
hs8	144077245	144079080	2
hs8	144099902	144103827	2
hs8	144120626	144135720	2
hs8	144239333	144241738	2
hs8	144295093	144299044	2
hs8	144329109	144335761	2
hs8	144349615	144359101	2
hs8	144362325	144363870	2
hs8	144373587	144382120	2
hs8	144391497	144417050	2
hs8	144448793	144450805	2
hs8	144451046	144466391	2
hs8	144499849	144501320	2
hs8	144510234	144512902	2
hs8	144519829	144623617	2
hs8	144635557	144645231	2
hs8	144648363	144654942	2
hs8	144656955	144660500	2
hs8	144661864	144679585	2
hs8	144680001	144685394	2
hs8	144731954	144735900	2
hs8	144766649	144777555	2
hs8	144788864	144790279	2
hs8	144790221	144796068	2
hs8	144798519	144804628	2
hs8	144806103	144815949	2
hs8	144815253	144815323	2
hs8	144840663	144842678	2
hs8	144873095	144897943	2
hs8	144895127	144895212	2
hs8	144898514	144911211	2
hs8	144915753	144923145	2
hs8	144919928	144919988	2
hs8	144939498	144952635	2
hs8	144989321	145013765	2
hs8	145019359	145019447	2
hs8	145051326	145060628	2
hs8	145064226	145067583	2
hs8	145086448	145102015	2
hs8	145106167	145115595	2
hs8	145112224	145112283	2
hs8	145133575	145135551	2
hs8	145134777	145134845	2
hs8	145137537	145141119	2
hs8	145149979	145152428	2
hs8	145153540	145158676	2
hs8	145159364	145162514	2
hs8	145162642	145173220	2
hs8	145202919	145316829	2
hs8	145321356	145323383	2
hs8	145437885	145440962	2
hs8	145486001	145515120	2
hs8	145486629	145486693	2
hs8	145515286	145538383	2
hs8	145538247	145550515	2
hs8	145540909	145540978	2
hs8	145554228	145560144	2
hs8	145576888	145578591	2
hs8	145579091	145582132	2
hs8	145582273	145584932	2
hs8	145592596	145596648	2
hs8	145597736	145618453	2
hs8	145618446	145634719	2
hs8	145619364	145619445	2
hs8	145625671	145625739	2
hs8	145637798	145638969	2
hs8	145648984	145653946	2
hs8	145654158	145669823	2
hs8	145660551	145665276	2
hs8	145660934	145661002	2
hs8	145675314	145690875	2
hs8	145691720	145699585	2
hs8	145698795	145701232	2
hs8	145703734	145727504	2
hs8	145729523	145732555	2
hs8	145734419	145736611	2
hs8	145736671	145743217	2
hs8	145743376	145750556	2
hs3	145787228	145879282	2
hs3	145910124	145968402	2
hs3	146151075	146213778	2
hs3	146232967	146262342	2
hs3	146303625	146324003	2
hs3	147103833	147124330	2
hs3	147127152	147134506	2
hs3	147139114	147227697	2
hs3	148415690	148460790	2
hs3	148545598	148577972	2
hs3	148583083	148614990	2
hs2	148602086	148688396	2
hs2	148687966	148778306	2
hs3	148709195	148745456	2
hs5	148725062	148734146	2
hs5	148727679	148737205	2
hs5	148737609	148749216	2
hs3	148747914	148804320	2
hs5	148753830	148783765	2
hs2	148778580	149274540	2
hs5	148786408	148812399	2
hs3	148804119	148820610	2
hs5	148808481	148808586	2
hs5	148810209	148810296	2
hs3	148847425	148891519	2
hs3	148890284	148939616	2
hs3	149036285	149051225	2
hs3	149086809	149095436	2
hs3	149095565	149104370	2
hs3	149192484	149221181	2
hs3	149235022	149375812	2
hs3	149375997	149379149	2
hs3	149456257	149470286	2
hs3	149484415	149510341	2
hs3	149531002	149679925	2
hs3	149682692	149688682	2
hs3	149689066	149691029	2
hs3	149699464	149701153	2
hs3	149814230	149868788	2
hs3	149956306	149957992	2
hs3	149983194	150041534	2
hs3	150126085	150184207	2
hs3	150259785	150264283	2
hs3	150264465	150303803	2
hs3	150377672	150421707	2
hs3	150421762	150437933	2
hs3	150452258	150456772	2
hs3	150458912	150480956	2
hs3	150644354	150690514	2
hs3	150690465	150798513	2
hs3	150804585	151154465	2
hs3	150915619	150921003	2
hs3	150929905	150966779	2
hs3	151011875	151034608	2
hs3	151044101	151047337	2
hs3	151054631	151102541	2
hs3	151153993	151158568	2
hs3	151283664	151283783	2
hs3	151451715	151479126	2
hs3	151468967	151645963	2
hs3	151488244	151502682	2
hs3	151531904	151546276	2
hs3	151591431	151602407	2
hs3	151877253	151923218	2
hs3	151980405	151987415	2
hs3	151986718	152183569	2
hs3	152057487	152058779	2
hs3	152552920	152559228	2
hs3	152880015	152888415	2
hs3	153742190	153838999	2
hs3	153839179	153975614	2
hs3	153993457	154042286	2
hs3	154052732	154147979	2
hs1	154897216	154909195	2
hs1	154916559	154928575	2
hs1	154929502	154934258	2
hs1	154933947	154935101	2
hs1	154934774	154946852	2
hs1	154947157	154951727	2
hs1	154948169	154948259	2
hs1	154955820	154965587	2
hs1	154966062	154966797	2
hs1	154975278	154990999	2
hs1	154991003	155006257	2
hs1	155006300	155023406	2
hs1	155023792	155035251	2
hs1	155036216	155042029	2
hs1	155051313	155060014	2
hs1	155100352	155107375	2
hs1	155108328	155111329	2
hs1	155112367	155112883	2
hs1	155141884	155145780	2
hs1	155146325	155153109	2
hs1	155158300	155162700	2
hs1	155164968	155165063	2
hs1	155165379	155177688	2
hs1	155178490	155183630	2
hs1	155183616	155197325	2
hs1	155204243	155214418	2
hs1	155216996	155225274	2
hs1	155225772	155232151	2
hs1	155232659	155243295	2
hs1	155247254	155259639	2
hs1	155259084	155270743	2
hs3	170582665	170587984	2
hs3	170606207	170626426	2
hs3	170714136	170744509	2
hs3	170776203	171178194	2
hs3	170824453	170824548	2
hs3	171318194	171528273	2
hs3	171561139	171577108	2
hs3	171594142	171618530	2
hs5	171752187	171881527	2
hs3	171758321	172119459	2
hs5	172068266	172118533	2
hs5	172089168	172089266	2
hs3	172161082	172166246	2
hs5	172182506	172189565	2
hs5	172195100	172198198	2
hs3	172235145	172241220	2
hs5	172261254	172379685	2
hs3	172348039	172428857	2
hs3	172468516	172539264	2
hs3	172607147	172859025	2
hs3	173113742	174012162	2
hs3	173628289	173638586	2
hs2	173686553	173917620	2
hs3	174577124	175528336	2
hs3	174797102	174833032	2
hs3	174952882	174988885	2
hs3	175087329	175087410	2
hs3	175491366	175494121	2
hs3	176232891	176232939	2
hs3	176321936	176353320	2
hs3	176531944	176534789	2
hs3	176737132	176915270	2
hs5	176853677	176869892	2
hs5	176864890	176874945	2
hs5	176873815	176883287	2
hs5	176883611	176900635	2
hs5	176910395	176924605	2
hs3	177012230	177041223	2
hs3	177159709	177470492	2
hs1	178060643	178063128	2
hs1	178063239	178447985	2
hs3	178136989	178175093	2
hs2	182850580	182996111	2
hs2	183004768	183387253	2
hs3	183853146	183863099	2
hs3	183873165	183891402	2
hs3	183892634	183901879	2
hs3	183903863	183911795	2
hs3	183948141	183960117	2
hs3	183959193	183959277	2
hs3	183960089	183966750	2
hs3	183977001	183979341	2
hs3	183993810	184010819	2
hs3	184018369	184026838	2
hs3	184032394	184053141	2
hs3	184043484	184043559	2
hs3	184053717	184064063	2
hs3	184063973	184079393	2
hs3	184080771	184086383	2
hs3	184089723	184097476	2
hs3	184098098	184108526	2
hs3	184279573	184300196	2
hs3	184428152	184429852	2
hs3	184530295	184770402	2
hs3	184794626	184870848	2
hs3	184880689	184909743	2
hs3	184908412	184971837	2
hs3	184970998	184971060	2
hs3	185000749	185206882	2
hs3	187868994	187871876	2
hs3	187871686	188608460	2
hs3	187896331	187898596	2
hs3	188280025	188286454	2
hs3	188406569	188406654	2
hs3	188659504	188665428	2
hs3	188889760	189043093	2
hs2	188900323	189152418	2
hs3	188956475	188958383	2
hs2	189156601	189460652	2
hs2	189162219	189162315	2
hs3	189507448	189615064	2
hs3	189547711	189547798	2
hs2	189598465	189654850	2
hs3	189674517	189840226	2
hs3	189838753	189862635	2
hs2	189839099	189877472	2
hs2	189842818	189842886	2
hs2	189842820	189842887	2
hs2	189860356	189860418	2
hs2	189896624	190044487	2
hs2	189997762	189997837	2
hs3	190023501	190040235	2
hs3	190105952	190129927	2
hs3	190146445	190167665	2
hs3	190231874	190377539	2
hs2	190306159	190340288	2
hs2	190425316	190445512	2
hs3	190570526	190580483	2
hs3	190595719	190595839	2
hs3	190917030	190983403	2
hs3	190931084	190952394	2
hs3	190984957	191048325	2
hs3	191047183	191116448	2
hs3	193310997	193415600	2
hs3	193336388	193345121	2
hs3	193710883	193712027	2
hs3	193853937	193856521	2
hs3	194018989	194030593	2
hs3	194060497	194072057	2
hs3	194075978	194090472	2
hs3	194115550	194119995	2
hs3	194123403	194188968	2
hs3	194207869	194209274	2
hs3	194304997	194311561	2
hs3	194308407	194354148	2
hs3	194361521	194392920	2
hs3	194406612	194409766	2
hs3	194789008	194968649	2
hs3	194815317	194816786	2
hs3	194855235	194855309	2
hs3	194868600	194873585	2
hs2	206547225	206662855	2
hs2	218148742	218621316	2
hs2	218664514	218808793	2
hs2	218765236	218765351	2
hs2	220236765	220252634	2
hs2	220283099	220291456	2
hs2	220325534	220331584	2
hs2	220363613	220371711	2
hs2	220379204	220403494	2
hs2	220403669	220407819	2
hs1	222841355	222885833	2
hs1	222885906	222887324	2
hs1	222910558	222924147	2
hs1	222988381	223179337	2
hs1	234527059	234614925	2
hs1	234663637	234667525	2
hs1	234740015	234745271	2
hs1	234765057	234770526	2
hs1	234782035	234796670	2
hs1	234859789	234867390	2
hs1	0	2300000	2
hs1	0	2300000	2
hs1	0	2300000	2
hs1	0	2300000	2
hs1	0	2300000	2
hs1	0	2300000	2
hs1	0	2300000	2
hs1	0	2300000	2
hs1	0	2300000	2
hs1	0	2300000	2
hs1	0	2300000	2
hs1	0	2300000	2
hs1	0	2300000	2
hs1	0	2300000	2
hs16	728518	729777	2
hs8	144779285	144780583	2
hs8	139900000	146364022	2
hs8	144685380	144691745	2
hs8	144694788	144699719	2
hs11	767223	777487	2
hs11	0	2800000	2
hs11	1049880	1055764	2
hs11	0	2800000	2
hs11	61521501	61525136	2
hs16	420789	431978	2
hs16	771146	772590	2
hs16	779765	790997	2
hs20	60753213	61148768	2
hs22	17900000	22200000	2
hs22	20326436	20706786	2
hs22	50639440	50656045	2
hs2	220361077	220363009	2
hs7	30791751	30932002	2
hs7	30811033	30932002	2
hs7	128506384	128512101	2
hs9	139006435	139010721	2
hs9	139296374	139305066	2
hs9	139607024	139619194	2
hs9	139736930	139741797	2
hs9	139886874	139888428	2
hs10	73507314	73533277	2
hs10	134258693	134261810	2
hs11	2800000	10700000	2
hs11	64014526	64015686	2
hs11	64067830	64072242	2
hs12	124457762	124800570	2
hs16	70695107	70719956	2
hs16	85131964	85146078	2
hs16	85170756	85183049	2
hs22	19833669	19842397	2
hs22	38037839	38054384	2
hs22	37600000	41000000	2
hs22	37600000	41000000	2
hs22	38686697	38794920	2
hs22	38740670	38794931	2
hs22	43608680	43609667	2
hs22	43671948	43679832	2
hs1	155017668	155036467	2
hs2	173940574	174132743	2
hs2	174062441	174146764	2
hs2	182756457	182795464	2
hs2	189400000	191900000	2
hs2	218843430	218857338	2
hs3	114172440	114238979	2
hs3	146639710	146643005	2
hs3	147795946	147805816	2
hs3	148900000	152100000	2
hs3	153202284	153220486	2
hs3	177534653	177617012	2
hs3	184119325	184157436	2
hs3	184264502	184274706	2
hs3	184474177	184490943	2
hs3	193675161	193721448	2
hs3	193727752	193788759	2
hs3	193920805	193924096	2
hs3	193965437	193975561	2
hs3	194429150	194502897	2
hs5	473351	481006	2
hs5	1856084	1856682	2
hs5	36871463	36876796	2
hs5	38400000	42500000	2
hs5	135265986	135277685	2
hs5	130600000	136200000	2
hs7	17414541	17506880	2
hs7	17503069	17598533	2
hs7	26677490	26686891	2
hs7	73097927	73112542	2
hs7	73248922	73256846	2
hs7	73275489	73280220	2
hs8	126036503	126104061	2
hs8	143783670	143808391	2
hs8	144063448	144099807	2
hs9	34366664	34376896	2
hs9	34985409	34989376	2
hs9	33200000	36300000	2
hs9	35909487	35911683	2
hs9	97488951	97849500	2
hs9	122500000	125800000	2
hs9	132902889	132906498	2
hs9	139979398	139981269	2
hs10	71390003	71393349	2
hs10	71812602	71872038	2
hs10	72698810	72715398	2
hs10	73267910	73271677	2
hs10	76797231	76833400	2
hs10	77407267	78317133	2
hs10	126446403	126480456	2
hs10	126490388	126525236	2
hs11	12052422	12083332	2
hs11	120196008	120204395	2
hs12	20167619	20251802	2
hs12	52404276	52409673	2
hs12	52598607	52604614	2
hs13	114567150	114569805	2
hs14	24600000	33300000	2
hs14	24600000	33300000	2
hs14	24600000	33300000	2
hs14	24600000	33300000	2
hs17	48127713	48133103	2
hs17	48248789	48249837	2
hs17	48292055	48292781	2
hs17	48838391	48844879	2
hs17	76257430	76274573	2
hs17	76613466	76628139	2
hs17	77681075	77686081	2
hs17	77893156	77897803	2
hs17	77889051	77900524	2
hs17	78325631	78388968	2
hs17	79002933	79008519	2
hs17	79139307	79156966	2
hs17	79885705	79888629	2
hs17	80247922	80250690	2
hs17	80376223	80400521	2
hs17	80400462	80408628	2
hs20	48884023	48896332	2
hs20	49202645	49308079	2
hs20	49262008	49276828	2
hs21	46707967	46717269	2
hs22	43035809	43036607	2
hs22	43434591	43448371	2
hs22	44639545	44708831	2
